# gauge_id= 1 location=(  0.5000000000E+00  0.1570796327E+01 ) num_var=  1
# level, time, q[  1], aux[]
   03  0.0000000E+00  0.4291375E-18
   03  0.1250000E-02  0.6673097E-09
   03  0.2500000E-02  0.1351228E-08
   03  0.3750000E-02  0.2068545E-08
   03  0.5000000E-02  0.2835369E-08
   03  0.6874143E-02  0.4131747E-08
   03  0.8748287E-02  0.5652610E-08
   03  0.1062243E-01  0.7418624E-08
   03  0.1249657E-01  0.9463363E-08
   03  0.1437072E-01  0.1206795E-07
   03  0.1624486E-01  0.1562400E-07
   03  0.1811900E-01  0.2019376E-07
   03  0.1999315E-01  0.2545285E-07
   03  0.2186729E-01  0.3141858E-07
   03  0.2374143E-01  0.3815779E-07
   03  0.2561558E-01  0.4633760E-07
   03  0.2748972E-01  0.5610782E-07
   03  0.2936386E-01  0.6992032E-07
   03  0.3123801E-01  0.8934223E-07
   03  0.3311215E-01  0.1191301E-06
   03  0.3498629E-01  0.1616673E-06
   03  0.3686044E-01  0.2082518E-06
   03  0.3873458E-01  0.2525053E-06
   03  0.4060872E-01  0.3115480E-06
   03  0.4248287E-01  0.3983807E-06
   03  0.4435701E-01  0.5059565E-06
   03  0.4623115E-01  0.6207809E-06
   03  0.4810530E-01  0.7681657E-06
   03  0.4997944E-01  0.9690226E-06
   03  0.5185358E-01  0.1234299E-05
   03  0.5372773E-01  0.1559122E-05
   03  0.5560187E-01  0.1924790E-05
   03  0.5747601E-01  0.2316892E-05
   03  0.5935016E-01  0.2830682E-05
   03  0.6122430E-01  0.3528362E-05
   03  0.6309844E-01  0.4424259E-05
   03  0.6497259E-01  0.5475257E-05
   03  0.6684673E-01  0.6820258E-05
   03  0.6872087E-01  0.8551753E-05
   03  0.7059502E-01  0.1070604E-04
   03  0.7246916E-01  0.1321405E-04
   03  0.7434331E-01  0.1638258E-04
   03  0.7621745E-01  0.2039551E-04
   03  0.7809159E-01  0.2532871E-04
   03  0.7996574E-01  0.3104036E-04
   03  0.8183988E-01  0.3820169E-04
   03  0.8371402E-01  0.4719533E-04
   03  0.8558817E-01  0.5817518E-04
   03  0.8746231E-01  0.7084273E-04
   03  0.8933645E-01  0.8657031E-04
   03  0.9121060E-01  0.1061549E-03
   03  0.9308474E-01  0.1298525E-03
   03  0.9495888E-01  0.1569776E-03
   03  0.9683303E-01  0.1903923E-03
   03  0.9870717E-01  0.2317805E-03
   03  0.1005813E+00  0.2816656E-03
   03  0.1024555E+00  0.3386232E-03
   03  0.1043296E+00  0.4085801E-03
   03  0.1062037E+00  0.4948903E-03
   03  0.1080779E+00  0.5999743E-03
   03  0.1099520E+00  0.7222410E-03
   03  0.1118262E+00  0.8673836E-03
   03  0.1137003E+00  0.1036264E-02
   03  0.1155745E+00  0.1248160E-02
   03  0.1174486E+00  0.1513220E-02
   03  0.1193227E+00  0.1824729E-02
   03  0.1211969E+00  0.2169770E-02
   03  0.1230710E+00  0.2545819E-02
   03  0.1249452E+00  0.2948880E-02
   03  0.1268193E+00  0.3409750E-02
   03  0.1286935E+00  0.3942906E-02
   03  0.1305676E+00  0.4590858E-02
   03  0.1324417E+00  0.5367296E-02
   03  0.1343159E+00  0.6304049E-02
   03  0.1361900E+00  0.7401146E-02
   03  0.1380642E+00  0.8682861E-02
   03  0.1399383E+00  0.1014328E-01
   03  0.1418125E+00  0.1181693E-01
   03  0.1436866E+00  0.1370242E-01
   03  0.1455608E+00  0.1585196E-01
   03  0.1474349E+00  0.1826933E-01
   03  0.1493090E+00  0.2102094E-01
   03  0.1511832E+00  0.2411107E-01
   03  0.1530573E+00  0.2761621E-01
   03  0.1549315E+00  0.3153782E-01
   03  0.1568056E+00  0.3596185E-01
   03  0.1586798E+00  0.4088629E-01
   03  0.1605539E+00  0.4640751E-01
   03  0.1624280E+00  0.5252009E-01
   03  0.1643022E+00  0.5933094E-01
   03  0.1661763E+00  0.6683056E-01
   03  0.1680505E+00  0.7513496E-01
   03  0.1699246E+00  0.8422924E-01
   03  0.1717988E+00  0.9423571E-01
   03  0.1736729E+00  0.1051325E+00
   03  0.1755470E+00  0.1170446E+00
   03  0.1774212E+00  0.1299416E+00
   03  0.1792953E+00  0.1439461E+00
   03  0.1811695E+00  0.1590182E+00
   03  0.1830436E+00  0.1752723E+00
   03  0.1849178E+00  0.1926575E+00
   03  0.1867919E+00  0.2112734E+00
   03  0.1886661E+00  0.2310573E+00
   03  0.1905402E+00  0.2520849E+00
   03  0.1924143E+00  0.2742930E+00
   03  0.1942885E+00  0.2977675E+00
   03  0.1961626E+00  0.3224321E+00
   03  0.1980368E+00  0.3482792E+00
   03  0.1999109E+00  0.3751920E+00
   03  0.2017851E+00  0.4031273E+00
   03  0.2036592E+00  0.4319009E+00
   03  0.2055333E+00  0.4613747E+00
   03  0.2074075E+00  0.4914805E+00
   03  0.2092816E+00  0.5221370E+00
   03  0.2111558E+00  0.5532515E+00
   03  0.2130299E+00  0.5846410E+00
   03  0.2149041E+00  0.6162000E+00
   03  0.2167782E+00  0.6476726E+00
   03  0.2186523E+00  0.6789278E+00
   03  0.2205265E+00  0.7096670E+00
   03  0.2224006E+00  0.7398328E+00
   03  0.2242748E+00  0.7690670E+00
   03  0.2261489E+00  0.7972812E+00
   03  0.2280231E+00  0.8242322E+00
   03  0.2298972E+00  0.8499188E+00
   03  0.2317713E+00  0.8743341E+00
   03  0.2336455E+00  0.8976504E+00
   03  0.2355196E+00  0.9193969E+00
   03  0.2373938E+00  0.9396732E+00
   03  0.2392679E+00  0.9566673E+00
   03  0.2411421E+00  0.9710761E+00
   03  0.2430162E+00  0.9814914E+00
   03  0.2448904E+00  0.9857742E+00
   03  0.2467645E+00  0.9865295E+00
   03  0.2486386E+00  0.9863542E+00
   03  0.2505128E+00  0.9858641E+00
   03  0.2523869E+00  0.9847763E+00
   03  0.2542611E+00  0.9821343E+00
   03  0.2561352E+00  0.9774320E+00
   03  0.2580094E+00  0.9698667E+00
   03  0.2598835E+00  0.9594344E+00
   03  0.2617576E+00  0.9458640E+00
   03  0.2636318E+00  0.9293815E+00
   03  0.2655059E+00  0.9100897E+00
   03  0.2673801E+00  0.8883565E+00
   03  0.2692542E+00  0.8644958E+00
   03  0.2711284E+00  0.8388849E+00
   03  0.2730025E+00  0.8118217E+00
   03  0.2748766E+00  0.7835862E+00
   03  0.2767508E+00  0.7543930E+00
   03  0.2786249E+00  0.7244147E+00
   03  0.2804991E+00  0.6937878E+00
   03  0.2823732E+00  0.6626350E+00
   03  0.2842474E+00  0.6311825E+00
   03  0.2861215E+00  0.5995719E+00
   03  0.2879957E+00  0.5680346E+00
   03  0.2898698E+00  0.5366656E+00
   03  0.2917439E+00  0.5057054E+00
   03  0.2936181E+00  0.4751457E+00
   03  0.2954922E+00  0.4451485E+00
   03  0.2973664E+00  0.4158001E+00
   03  0.2992405E+00  0.3873634E+00
   03  0.3011147E+00  0.3598649E+00
   03  0.3029888E+00  0.3334931E+00
   03  0.3048629E+00  0.3082476E+00
   03  0.3067371E+00  0.2842440E+00
   03  0.3086112E+00  0.2614007E+00
   03  0.3104854E+00  0.2398052E+00
   03  0.3123595E+00  0.2193863E+00
   03  0.3142337E+00  0.2002208E+00
   03  0.3161078E+00  0.1822279E+00
   03  0.3179819E+00  0.1654576E+00
   03  0.3198561E+00  0.1498202E+00
   03  0.3217302E+00  0.1353432E+00
   03  0.3236044E+00  0.1219332E+00
   03  0.3254785E+00  0.1095990E+00
   03  0.3273527E+00  0.9824676E-01
   03  0.3292268E+00  0.8787101E-01
   03  0.3311009E+00  0.7838081E-01
   03  0.3329751E+00  0.6975985E-01
   03  0.3348492E+00  0.6192252E-01
   03  0.3367234E+00  0.5484534E-01
   03  0.3385975E+00  0.4844968E-01
   03  0.3404717E+00  0.4270774E-01
   03  0.3423458E+00  0.3754885E-01
   03  0.3442200E+00  0.3294316E-01
   03  0.3460941E+00  0.2882832E-01
   03  0.3479682E+00  0.2517485E-01
   03  0.3498424E+00  0.2192897E-01
   03  0.3517165E+00  0.1906270E-01
   03  0.3535907E+00  0.1653033E-01
   03  0.3554648E+00  0.1430615E-01
   03  0.3573390E+00  0.1235207E-01
   03  0.3592131E+00  0.1064391E-01
   03  0.3610872E+00  0.9149780E-02
   03  0.3629614E+00  0.7848079E-02
   03  0.3648355E+00  0.6712725E-02
   03  0.3667097E+00  0.5726878E-02
   03  0.3685838E+00  0.4869452E-02
   03  0.3704580E+00  0.4134126E-02
   03  0.3723321E+00  0.3507145E-02
   03  0.3742062E+00  0.2983820E-02
   03  0.3760804E+00  0.2554101E-02
   03  0.3779545E+00  0.2198928E-02
   03  0.3798287E+00  0.1903951E-02
   03  0.3817028E+00  0.1651612E-02
   03  0.3835770E+00  0.1432292E-02
   03  0.3854511E+00  0.1228561E-02
   03  0.3873252E+00  0.1029215E-02
   03  0.3891994E+00  0.8420442E-03
   03  0.3910735E+00  0.6726161E-03
   03  0.3929477E+00  0.5176539E-03
   03  0.3948218E+00  0.3708680E-03
   03  0.3966960E+00  0.2465719E-03
   03  0.3985701E+00  0.1412037E-03
   03  0.4004443E+00  0.6719581E-04
   03  0.4023184E+00  0.3819440E-04
   03  0.4041925E+00  0.3179549E-04
   03  0.4060667E+00  0.3130764E-04
   03  0.4079408E+00  0.3142122E-04
   03  0.4098150E+00  0.3164818E-04
   03  0.4116891E+00  0.3173116E-04
   03  0.4135633E+00  0.3154322E-04
   03  0.4154374E+00  0.3101568E-04
   03  0.4173115E+00  0.3005735E-04
   03  0.4191857E+00  0.2856797E-04
   03  0.4210598E+00  0.2659350E-04
   03  0.4229340E+00  0.2417870E-04
   03  0.4248081E+00  0.2138488E-04
   03  0.4266823E+00  0.1849120E-04
   03  0.4285564E+00  0.1568421E-04
   03  0.4304305E+00  0.1301244E-04
   03  0.4323047E+00  0.1043351E-04
   03  0.4341788E+00  0.8134925E-05
   03  0.4360530E+00  0.6195270E-05
   03  0.4379271E+00  0.4619726E-05
   03  0.4398013E+00  0.3353528E-05
   03  0.4416754E+00  0.2389716E-05
   03  0.4435496E+00  0.1697112E-05
   03  0.4454237E+00  0.1209816E-05
   03  0.4472978E+00  0.8842058E-06
   03  0.4491720E+00  0.6627470E-06
   03  0.4510461E+00  0.5209343E-06
   03  0.4529203E+00  0.4196855E-06
   03  0.4547944E+00  0.3419048E-06
   03  0.4566686E+00  0.2794170E-06
   03  0.4585427E+00  0.2289321E-06
   03  0.4604168E+00  0.1867595E-06
   03  0.4622910E+00  0.1504248E-06
   03  0.4641651E+00  0.1201795E-06
   03  0.4660393E+00  0.9592900E-07
   03  0.4679134E+00  0.7639248E-07
   03  0.4697876E+00  0.6043403E-07
   03  0.4716617E+00  0.4768847E-07
   03  0.4735358E+00  0.3784327E-07
   03  0.4754100E+00  0.3013627E-07
   03  0.4772841E+00  0.2403751E-07
   03  0.4791583E+00  0.1919588E-07
   03  0.4810324E+00  0.1540391E-07
   03  0.4829066E+00  0.1235118E-07
   03  0.4847807E+00  0.9860284E-08
   03  0.4866548E+00  0.7806306E-08
   03  0.4885290E+00  0.6098639E-08
   03  0.4904031E+00  0.4655373E-08
   03  0.4922773E+00  0.3397791E-08
   03  0.4941514E+00  0.2194208E-08
   03  0.4960256E+00  0.9926831E-09
   03  0.4978997E+00 -0.2134854E-09
   03  0.4997739E+00 -0.1409678E-08
   03  0.4998304E+00 -0.1446892E-08
   03  0.4998869E+00 -0.1484182E-08
   03  0.4999435E+00 -0.1521551E-08
