# gauge_id=     1 location=(   0.3000000E+00 ) num_eqn=  3
# Columns: level time q(1 ... num_eqn)
   01  0.0000000E+00  0.1000000E+01  0.0000000E+00  0.2500000E-01
   01  0.1000000E-05  0.1000000E+01  0.0000000E+00  0.2500000E-01
   01  0.4590926E-03  0.1000000E+01  0.0000000E+00  0.2500000E-01
   01  0.7960699E-03  0.1000000E+01  0.0000000E+00  0.2500000E-01
   01  0.1133697E-02  0.1000000E+01 -0.2919058E-23  0.2500000E-01
   01  0.1471517E-02  0.1000000E+01 -0.5823747E-23  0.2500000E-01
   01  0.1809450E-02  0.1000000E+01 -0.8713442E-23  0.2500000E-01
   01  0.2147460E-02  0.1000000E+01 -0.1158792E-22  0.2500000E-01
   01  0.2485527E-02  0.1000000E+01 -0.1737887E-22  0.2500000E-01
   01  0.2823966E-02  0.1000000E+01 -0.2314433E-22  0.2500000E-01
   01  0.3162628E-02  0.1000000E+01 -0.2888180E-22  0.2500000E-01
   01  0.3501406E-02  0.1000000E+01 -0.3456947E-22  0.2500000E-01
   02  0.3840386E-02  0.1000000E+01 -0.3024476E-22  0.2500000E-01
   02  0.4009886E-02  0.1000000E+01 -0.3023979E-22  0.2500000E-01
   02  0.4179385E-02  0.1000000E+01 -0.3023548E-22  0.2500000E-01
   02  0.4348886E-02  0.1000000E+01 -0.3023840E-22  0.2500000E-01
   02  0.4518387E-02  0.1000000E+01 -0.3020734E-22  0.2500000E-01
   02  0.4687888E-02  0.1000000E+01 -0.3021381E-22  0.2500000E-01
   02  0.4857389E-02  0.1000000E+01 -0.3022311E-22  0.2500000E-01
   02  0.5026892E-02  0.1000000E+01 -0.3023523E-22  0.2500000E-01
   02  0.5196394E-02  0.1000000E+01 -0.3025016E-22  0.2500000E-01
   02  0.5365896E-02  0.1000000E+01 -0.3026788E-22  0.2500000E-01
   02  0.5535397E-02  0.1000000E+01 -0.3028837E-22  0.2500000E-01
   02  0.5704899E-02  0.1000000E+01 -0.3030975E-22  0.2500000E-01
   02  0.5874402E-02  0.1000000E+01 -0.3033298E-22  0.2500000E-01
   02  0.6043905E-02  0.1000000E+01 -0.3235740E-22  0.2500000E-01
   02  0.6213409E-02  0.1000000E+01 -0.3436657E-22  0.2500000E-01
   02  0.6382913E-02  0.1000000E+01  0.9408648E-21  0.2500000E-01
   03  0.6552418E-02  0.1000000E+01  0.9307048E-21  0.2500000E-01
   03  0.6580669E-02  0.1000000E+01  0.9300568E-21  0.2500000E-01
   03  0.6608921E-02  0.1000000E+01  0.9294109E-21  0.2500000E-01
   03  0.6637172E-02  0.1000000E+01  0.9287673E-21  0.2500000E-01
   03  0.6665424E-02  0.1000000E+01  0.9281257E-21  0.2500000E-01
   03  0.6693675E-02  0.1000000E+01 -0.4953529E-20  0.2500000E-01
   03  0.6721927E-02  0.1000000E+01 -0.3964546E-20  0.2500000E-01
   03  0.6750178E-02  0.1000000E+01 -0.3952971E-20  0.2500000E-01
   03  0.6778429E-02  0.1000000E+01 -0.3941430E-20  0.2500000E-01
   03  0.6806681E-02  0.1000000E+01 -0.3929921E-20  0.2500000E-01
   03  0.6834932E-02  0.1000000E+01  0.1965479E-20  0.2500000E-01
   03  0.6863184E-02  0.1000000E+01  0.1965136E-20  0.2500000E-01
   03  0.6891435E-02  0.1000000E+01 -0.3920166E-20  0.2500000E-01
   03  0.6919691E-02  0.1000000E+01 -0.3914367E-20  0.2500000E-01
   03  0.6947946E-02  0.1000000E+01 -0.3908586E-20  0.2500000E-01
   03  0.6976201E-02  0.1000000E+01 -0.3902822E-20  0.2500000E-01
   03  0.7004456E-02  0.1000000E+01 -0.3897076E-20  0.2500000E-01
   03  0.7032712E-02  0.1000000E+01 -0.3891347E-20  0.2500000E-01
   03  0.7060967E-02  0.1000000E+01 -0.3885635E-20  0.2500000E-01
   03  0.7089222E-02  0.1000000E+01 -0.3879940E-20  0.2500000E-01
   03  0.7117478E-02  0.1000000E+01 -0.3874262E-20  0.2500000E-01
   03  0.7145733E-02  0.1000000E+01 -0.3868601E-20  0.2500000E-01
   03  0.7173988E-02  0.1000000E+01 -0.3862958E-20  0.2500000E-01
   03  0.7202244E-02  0.1000000E+01 -0.3857331E-20  0.2500000E-01
   03  0.7230499E-02  0.1000000E+01 -0.3851721E-20  0.2500000E-01
   03  0.7252957E-02  0.1000000E+01 -0.3847275E-20  0.2500000E-01
   03  0.7275416E-02  0.1000000E+01 -0.3842840E-20  0.2500000E-01
   03  0.7297874E-02  0.1000000E+01 -0.3838415E-20  0.2500000E-01
   03  0.7320333E-02  0.1000000E+01 -0.3834001E-20  0.2500000E-01
   03  0.7342791E-02  0.1000000E+01 -0.3829597E-20  0.2500000E-01
   03  0.7365250E-02  0.1000000E+01 -0.3825204E-20  0.2500000E-01
   03  0.7387708E-02  0.1000000E+01 -0.3820821E-20  0.2500000E-01
   03  0.7410166E-02  0.1000000E+01 -0.3816449E-20  0.2500000E-01
   03  0.7432625E-02  0.1000000E+01 -0.3812087E-20  0.2500000E-01
   03  0.7455083E-02  0.1000000E+01 -0.3807735E-20  0.2500000E-01
   03  0.7477542E-02  0.1000000E+01 -0.3803393E-20  0.2500000E-01
   03  0.7500000E-02  0.1000000E+01 -0.3799062E-20  0.2500000E-01
   03  0.7528553E-02  0.1000000E+01 -0.3793569E-20  0.2500000E-01
   03  0.7557106E-02  0.1000000E+01 -0.3788091E-20  0.2500000E-01
   03  0.7585659E-02  0.1000000E+01 -0.3782631E-20  0.2500000E-01
   03  0.7614212E-02  0.1000000E+01 -0.3777186E-20  0.2500000E-01
   03  0.7642765E-02  0.1000000E+01 -0.3771758E-20  0.2500000E-01
   03  0.7671318E-02  0.1000000E+01 -0.3766347E-20  0.2500000E-01
   03  0.7699871E-02  0.1000000E+01 -0.3760951E-20  0.2500000E-01
   03  0.7728424E-02  0.1000000E+01 -0.3755572E-20  0.2500000E-01
   03  0.7756977E-02  0.1000000E+01 -0.3750208E-20  0.2500000E-01
   03  0.7785530E-02  0.1000000E+01 -0.3744861E-20  0.2500000E-01
   03  0.7814083E-02  0.1000000E+01 -0.3739530E-20  0.2500000E-01
   03  0.7842636E-02  0.1000000E+01 -0.3734214E-20  0.2500000E-01
   03  0.7871480E-02  0.1000000E+01 -0.3728861E-20  0.2500000E-01
   03  0.7900323E-02  0.1000000E+01 -0.3723523E-20  0.2500000E-01
   03  0.7929166E-02  0.1000000E+01 -0.3718202E-20  0.2500000E-01
   03  0.7958010E-02  0.1000000E+01 -0.3712897E-20  0.2500000E-01
   03  0.7986853E-02  0.1000000E+01 -0.3707607E-20  0.2500000E-01
   03  0.8015696E-02  0.1000000E+01 -0.3702214E-20  0.2500000E-01
   03  0.8044539E-02  0.1000000E+01 -0.3696834E-20  0.2500000E-01
   03  0.8073383E-02  0.1000000E+01 -0.3692083E-20  0.2500000E-01
   03  0.8102226E-02  0.1000000E+01 -0.3688558E-20  0.2500000E-01
   03  0.8131069E-02  0.1000000E+01 -0.3685635E-20  0.2500000E-01
   03  0.8159913E-02  0.1000000E+01 -0.4282287E-20  0.2500000E-01
   04  0.8188756E-02  0.1000000E+01 -0.5683778E-20  0.2500000E-01
   04  0.8191683E-02  0.1000000E+01 -0.5677460E-20  0.2500000E-01
   04  0.8194610E-02  0.1000000E+01 -0.5671157E-20  0.2500000E-01
   04  0.8197537E-02  0.1000000E+01 -0.5664869E-20  0.2500000E-01
   04  0.8200464E-02  0.1000000E+01 -0.5658596E-20  0.2500000E-01
   04  0.8203390E-02  0.1000000E+01 -0.5652339E-20  0.2500000E-01
   04  0.8206317E-02  0.1000000E+01 -0.5646096E-20  0.2500000E-01
   04  0.8209244E-02  0.1000000E+01 -0.5639868E-20  0.2500000E-01
   04  0.8212171E-02  0.1000000E+01 -0.1172651E-19  0.2500000E-01
   04  0.8215098E-02  0.1000000E+01 -0.1170765E-19  0.2500000E-01
   04  0.8218025E-02  0.1000000E+01 -0.1086328E-19  0.2500000E-01
   04  0.8220952E-02  0.1000000E+01 -0.1167922E-19  0.2500000E-01
   04  0.8223879E-02  0.1000000E+01 -0.6723340E-20  0.2500000E-01
   04  0.8226806E-02  0.1000000E+01 -0.7877375E-20  0.2500000E-01
   04  0.8229733E-02  0.1000000E+01 -0.9032689E-20  0.2500000E-01
   04  0.8232660E-02  0.1000000E+01 -0.1018928E-19  0.2500000E-01
   04  0.8235586E-02  0.1000000E+01 -0.4846917E-20  0.2500000E-01
   04  0.8238513E-02  0.1000000E+01 -0.5605626E-20  0.2500000E-01
   04  0.8241440E-02  0.1000000E+01 -0.1246118E-19  0.2500000E-01
   04  0.8244367E-02  0.1000000E+01 -0.1320871E-19  0.2500000E-01
   04  0.8247294E-02  0.1000000E+01 -0.5469673E-20  0.2500000E-01
   04  0.8250221E-02  0.1000000E+01 -0.5469742E-20  0.2500000E-01
   04  0.8253148E-02  0.1000000E+01 -0.5469811E-20  0.2500000E-01
   04  0.8256075E-02  0.1000000E+01 -0.5469880E-20  0.2500000E-01
   04  0.8259002E-02  0.1000000E+01 -0.5469948E-20  0.2500000E-01
   04  0.8261929E-02  0.1000000E+01 -0.5470017E-20  0.2500000E-01
   04  0.8264856E-02  0.1000000E+01 -0.5470086E-20  0.2500000E-01
   04  0.8267782E-02  0.1000000E+01 -0.5470154E-20  0.2500000E-01
   04  0.8270709E-02  0.1000000E+01 -0.5470223E-20  0.2500000E-01
   04  0.8273636E-02  0.1000000E+01 -0.5470291E-20  0.2500000E-01
   04  0.8276563E-02  0.1000000E+01 -0.5470359E-20  0.2500000E-01
   04  0.8279490E-02  0.1000000E+01 -0.5470427E-20  0.2500000E-01
   04  0.8282417E-02  0.1000000E+01 -0.5470496E-20  0.2500000E-01
   04  0.8285344E-02  0.1000000E+01 -0.5470564E-20  0.2500000E-01
   04  0.8288271E-02  0.1000000E+01 -0.5470632E-20  0.2500000E-01
   04  0.8291198E-02  0.1000000E+01 -0.5470700E-20  0.2500000E-01
   04  0.8294125E-02  0.1000000E+01 -0.5470768E-20  0.2500000E-01
   04  0.8297052E-02  0.1000000E+01 -0.5470836E-20  0.2500000E-01
   04  0.8299978E-02  0.1000000E+01 -0.5470904E-20  0.2500000E-01
   04  0.8302905E-02  0.1000000E+01 -0.5470971E-20  0.2500000E-01
   04  0.8305832E-02  0.1000000E+01 -0.5471039E-20  0.2500000E-01
   04  0.8308759E-02  0.1000000E+01 -0.5471107E-20  0.2500000E-01
   04  0.8311686E-02  0.1000000E+01 -0.5471175E-20  0.2500000E-01
   04  0.8314613E-02  0.1000000E+01 -0.5471242E-20  0.2500000E-01
   04  0.8317540E-02  0.1000000E+01 -0.5471310E-20  0.2500000E-01
   04  0.8320467E-02  0.1000000E+01 -0.5471378E-20  0.2500000E-01
   04  0.8323394E-02  0.1000000E+01 -0.5471445E-20  0.2500000E-01
   04  0.8326321E-02  0.1000000E+01 -0.5471513E-20  0.2500000E-01
   04  0.8329248E-02  0.1000000E+01 -0.5471580E-20  0.2500000E-01
   04  0.8332174E-02  0.1000000E+01 -0.5471648E-20  0.2500000E-01
   04  0.8335101E-02  0.1000000E+01 -0.5471715E-20  0.2500000E-01
   04  0.8338028E-02  0.1000000E+01 -0.5471782E-20  0.2500000E-01
   04  0.8340955E-02  0.1000000E+01 -0.5471850E-20  0.2500000E-01
   04  0.8343882E-02  0.1000000E+01 -0.5471917E-20  0.2500000E-01
   04  0.8346809E-02  0.1000000E+01 -0.5471985E-20  0.2500000E-01
   04  0.8349736E-02  0.1000000E+01 -0.5472052E-20  0.2500000E-01
   04  0.8352663E-02  0.1000000E+01 -0.5472119E-20  0.2500000E-01
   04  0.8355590E-02  0.1000000E+01 -0.5472187E-20  0.2500000E-01
   04  0.8358517E-02  0.1000000E+01 -0.5472254E-20  0.2500000E-01
   04  0.8361444E-02  0.1000000E+01 -0.5472321E-20  0.2500000E-01
   04  0.8364371E-02  0.1000000E+01 -0.5472388E-20  0.2500000E-01
   04  0.8367297E-02  0.1000000E+01 -0.5472456E-20  0.2500000E-01
   04  0.8370224E-02  0.1000000E+01 -0.5472523E-20  0.2500000E-01
   04  0.8373151E-02  0.1000000E+01 -0.5472590E-20  0.2500000E-01
   04  0.8376078E-02  0.1000000E+01 -0.5472657E-20  0.2500000E-01
   04  0.8379005E-02  0.1000000E+01 -0.5472725E-20  0.2500000E-01
   04  0.8381932E-02  0.1000000E+01 -0.5472792E-20  0.2500000E-01
   04  0.8384859E-02  0.1000000E+01 -0.5472859E-20  0.2500000E-01
   04  0.8387786E-02  0.1000000E+01 -0.5472926E-20  0.2500000E-01
   04  0.8390713E-02  0.1000000E+01 -0.5472994E-20  0.2500000E-01
   04  0.8393640E-02  0.1000000E+01 -0.5473061E-20  0.2500000E-01
   04  0.8396567E-02  0.1000000E+01 -0.5473128E-20  0.2500000E-01
   04  0.8399493E-02  0.1000000E+01 -0.5473196E-20  0.2500000E-01
   04  0.8402420E-02  0.1000000E+01 -0.5473263E-20  0.2500000E-01
   04  0.8405347E-02  0.1000000E+01 -0.5473330E-20  0.2500000E-01
   04  0.8408274E-02  0.1000000E+01 -0.5473397E-20  0.2500000E-01
   04  0.8411201E-02  0.1000000E+01 -0.5473465E-20  0.2500000E-01
   04  0.8414128E-02  0.1000000E+01 -0.5473532E-20  0.2500000E-01
   04  0.8417055E-02  0.1000000E+01 -0.5473599E-20  0.2500000E-01
   04  0.8419982E-02  0.1000000E+01 -0.5473667E-20  0.2500000E-01
   04  0.8422909E-02  0.1000000E+01 -0.5473734E-20  0.2500000E-01
   04  0.8425836E-02  0.1000000E+01 -0.5473802E-20  0.2500000E-01
   04  0.8428763E-02  0.1000000E+01 -0.5473869E-20  0.2500000E-01
   04  0.8431689E-02  0.1000000E+01 -0.5473936E-20  0.2500000E-01
   04  0.8434616E-02  0.1000000E+01 -0.5474003E-20  0.2500000E-01
   04  0.8437543E-02  0.1000000E+01 -0.5474070E-20  0.2500000E-01
   04  0.8440470E-02  0.1000000E+01 -0.5474138E-20  0.2500000E-01
   04  0.8443397E-02  0.1000000E+01 -0.5474206E-20  0.2500000E-01
   04  0.8446324E-02  0.1000000E+01 -0.5474273E-20  0.2500000E-01
   04  0.8449251E-02  0.1000000E+01 -0.5474279E-20  0.2500000E-01
   04  0.8452178E-02  0.1000000E+01 -0.5458845E-20  0.2500000E-01
   04  0.8455105E-02  0.1000000E+01 -0.5569083E-21  0.2500000E-01
   04  0.8458032E-02  0.1000000E+01  0.4855492E-18  0.2500000E-01
   04  0.8460959E-02  0.1000000E+01  0.6102610E-16  0.2500000E-01
   04  0.8463885E-02  0.1000000E+01  0.6924265E-14  0.2500000E-01
   04  0.8466812E-02  0.1000000E+01  0.9196340E-12  0.2500000E-01
   04  0.8469739E-02  0.1000000E+01  0.1187312E-09  0.2500000E-01
   04  0.8472666E-02  0.1000000E+01  0.1375740E-07  0.2500000E-01
   04  0.8475593E-02  0.1000014E+01  0.1745300E-05  0.2500052E-01
   04  0.8478520E-02  0.1000588E+01  0.1615418E-03  0.2508787E-01
   04  0.8481447E-02  0.1004333E+01  0.5380718E-02  0.3721041E-01
   04  0.8484374E-02  0.1018837E+01  0.7749798E-01  0.4940118E+00
   04  0.8487301E-02  0.1069970E+01  0.6329465E+00  0.6958386E+01
   04  0.8490228E-02  0.1194842E+01  0.2845329E+01  0.4408446E+02
   04  0.8493155E-02  0.1509839E+01  0.8984961E+01  0.1538178E+03
   04  0.8496081E-02  0.2137181E+01  0.2237640E+02  0.4018693E+03
   04  0.8499008E-02  0.2947076E+01  0.4074658E+02  0.7526574E+03
   04  0.8501935E-02  0.3819748E+01  0.6142053E+02  0.1156786E+04
   04  0.8504862E-02  0.4656213E+01  0.8161701E+02  0.1555980E+04
   04  0.8507789E-02  0.5299341E+01  0.9799377E+02  0.1887125E+04
   04  0.8510716E-02  0.5654542E+01  0.1076505E+03  0.2089227E+04
   04  0.8513643E-02  0.5833955E+01  0.1127368E+03  0.2198316E+04
   04  0.8516570E-02  0.5920888E+01  0.1152593E+03  0.2253259E+04
   04  0.8519497E-02  0.5962346E+01  0.1164765E+03  0.2279996E+04
   04  0.8522424E-02  0.5982014E+01  0.1170570E+03  0.2292794E+04
   04  0.8525351E-02  0.5991402E+01  0.1173333E+03  0.2298892E+04
   04  0.8528277E-02  0.5995917E+01  0.1174652E+03  0.2301795E+04
   04  0.8531204E-02  0.5998117E+01  0.1175285E+03  0.2303181E+04
   04  0.8534131E-02  0.5999210E+01  0.1175593E+03  0.2303846E+04
   04  0.8537058E-02  0.5999770E+01  0.1175746E+03  0.2304169E+04
   04  0.8539985E-02  0.6000072E+01  0.1175824E+03  0.2304330E+04
   04  0.8542959E-02  0.6000245E+01  0.1175866E+03  0.2304412E+04
   04  0.8545932E-02  0.6000346E+01  0.1175890E+03  0.2304455E+04
   04  0.8548906E-02  0.6000399E+01  0.1175902E+03  0.2304476E+04
   04  0.8551879E-02  0.6000424E+01  0.1175908E+03  0.2304485E+04
   04  0.8554853E-02  0.6000433E+01  0.1175911E+03  0.2304489E+04
   04  0.8557826E-02  0.6000432E+01  0.1175912E+03  0.2304490E+04
   04  0.8560800E-02  0.6000425E+01  0.1175911E+03  0.2304488E+04
   04  0.8563773E-02  0.6000413E+01  0.1175909E+03  0.2304486E+04
   04  0.8566747E-02  0.6000396E+01  0.1175906E+03  0.2304483E+04
   04  0.8569721E-02  0.6000372E+01  0.1175902E+03  0.2304478E+04
   04  0.8572694E-02  0.6000339E+01  0.1175895E+03  0.2304472E+04
   04  0.8575668E-02  0.6000299E+01  0.1175887E+03  0.2304464E+04
   04  0.8578641E-02  0.6000255E+01  0.1175879E+03  0.2304456E+04
   04  0.8581615E-02  0.6000212E+01  0.1175870E+03  0.2304448E+04
   04  0.8584588E-02  0.6000173E+01  0.1175862E+03  0.2304440E+04
   04  0.8587562E-02  0.6000141E+01  0.1175856E+03  0.2304434E+04
   04  0.8590535E-02  0.6000121E+01  0.1175852E+03  0.2304430E+04
   04  0.8593509E-02  0.6000109E+01  0.1175849E+03  0.2304428E+04
   04  0.8596483E-02  0.6000104E+01  0.1175848E+03  0.2304428E+04
   04  0.8599456E-02  0.6000106E+01  0.1175849E+03  0.2304428E+04
   04  0.8602430E-02  0.6000115E+01  0.1175851E+03  0.2304430E+04
   04  0.8605403E-02  0.6000131E+01  0.1175854E+03  0.2304433E+04
   04  0.8608377E-02  0.6000158E+01  0.1175859E+03  0.2304438E+04
   04  0.8611350E-02  0.6000200E+01  0.1175868E+03  0.2304446E+04
   04  0.8614324E-02  0.6000259E+01  0.1175880E+03  0.2304457E+04
   04  0.8617297E-02  0.6000341E+01  0.1175896E+03  0.2304473E+04
   04  0.8620271E-02  0.6000450E+01  0.1175918E+03  0.2304493E+04
   04  0.8623244E-02  0.6000589E+01  0.1175945E+03  0.2304519E+04
   04  0.8626218E-02  0.6000763E+01  0.1175980E+03  0.2304553E+04
   04  0.8629192E-02  0.6000977E+01  0.1176023E+03  0.2304593E+04
   04  0.8632165E-02  0.6001235E+01  0.1176074E+03  0.2304642E+04
   04  0.8635139E-02  0.6001540E+01  0.1176135E+03  0.2304700E+04
   04  0.8638112E-02  0.6001900E+01  0.1176206E+03  0.2304769E+04
   04  0.8641086E-02  0.6002304E+01  0.1176286E+03  0.2304846E+04
   04  0.8644059E-02  0.6002733E+01  0.1176371E+03  0.2304927E+04
   04  0.8647033E-02  0.6003169E+01  0.1176458E+03  0.2305010E+04
   04  0.8650006E-02  0.6003591E+01  0.1176541E+03  0.2305090E+04
   04  0.8652980E-02  0.6003981E+01  0.1176619E+03  0.2305165E+04
   04  0.8655953E-02  0.6004317E+01  0.1176686E+03  0.2305228E+04
   04  0.8658927E-02  0.6004600E+01  0.1176742E+03  0.2305282E+04
   04  0.8661901E-02  0.6004831E+01  0.1176788E+03  0.2305326E+04
   04  0.8664874E-02  0.6005015E+01  0.1176825E+03  0.2305360E+04
   04  0.8667848E-02  0.6005153E+01  0.1176853E+03  0.2305387E+04
   04  0.8670821E-02  0.6005253E+01  0.1176873E+03  0.2305405E+04
   04  0.8673795E-02  0.6005318E+01  0.1176887E+03  0.2305418E+04
   04  0.8676768E-02  0.6005356E+01  0.1176895E+03  0.2305425E+04
   04  0.8679742E-02  0.6005372E+01  0.1176899E+03  0.2305428E+04
   04  0.8682715E-02  0.6005371E+01  0.1176900E+03  0.2305428E+04
   04  0.8685689E-02  0.6005352E+01  0.1176897E+03  0.2305425E+04
   04  0.8688662E-02  0.6005316E+01  0.1176890E+03  0.2305419E+04
   04  0.8691636E-02  0.6005255E+01  0.1176879E+03  0.2305408E+04
   04  0.8694610E-02  0.6005164E+01  0.1176861E+03  0.2305391E+04
   04  0.8697583E-02  0.6005034E+01  0.1176836E+03  0.2305366E+04
   04  0.8700557E-02  0.6004856E+01  0.1176802E+03  0.2305332E+04
   04  0.8703530E-02  0.6004623E+01  0.1176756E+03  0.2305287E+04
   04  0.8706504E-02  0.6004327E+01  0.1176698E+03  0.2305230E+04
   04  0.8709477E-02  0.6003963E+01  0.1176627E+03  0.2305160E+04
   04  0.8712451E-02  0.6003523E+01  0.1176541E+03  0.2305075E+04
   04  0.8715424E-02  0.6003001E+01  0.1176438E+03  0.2304974E+04
   04  0.8718398E-02  0.6002393E+01  0.1176319E+03  0.2304856E+04
   04  0.8721371E-02  0.6001698E+01  0.1176182E+03  0.2304721E+04
   04  0.8724345E-02  0.6000943E+01  0.1176034E+03  0.2304574E+04
   04  0.8727319E-02  0.6000160E+01  0.1175880E+03  0.2304421E+04
   04  0.8730292E-02  0.5999378E+01  0.1175726E+03  0.2304268E+04
   04  0.8733266E-02  0.5998627E+01  0.1175578E+03  0.2304122E+04
   04  0.8736239E-02  0.5997940E+01  0.1175442E+03  0.2303988E+04
   04  0.8739213E-02  0.5997333E+01  0.1175323E+03  0.2303870E+04
   04  0.8742186E-02  0.5996801E+01  0.1175218E+03  0.2303767E+04
   04  0.8745160E-02  0.5996343E+01  0.1175127E+03  0.2303678E+04
   04  0.8748133E-02  0.5995951E+01  0.1175050E+03  0.2303602E+04
   04  0.8751107E-02  0.5995623E+01  0.1174985E+03  0.2303538E+04
   04  0.8754081E-02  0.5995352E+01  0.1174930E+03  0.2303485E+04
   04  0.8757054E-02  0.5995132E+01  0.1174886E+03  0.2303441E+04
   04  0.8760028E-02  0.5994960E+01  0.1174851E+03  0.2303406E+04
   04  0.8763001E-02  0.5994829E+01  0.1174824E+03  0.2303377E+04
   04  0.8765975E-02  0.5994735E+01  0.1174803E+03  0.2303354E+04
   04  0.8768948E-02  0.5994672E+01  0.1174788E+03  0.2303337E+04
   04  0.8771922E-02  0.5994636E+01  0.1174778E+03  0.2303324E+04
   04  0.8774895E-02  0.5994621E+01  0.1174773E+03  0.2303315E+04
   04  0.8777869E-02  0.5994627E+01  0.1174771E+03  0.2303310E+04
   04  0.8780842E-02  0.5994654E+01  0.1174774E+03  0.2303311E+04
   04  0.8783816E-02  0.5994705E+01  0.1174782E+03  0.2303315E+04
   04  0.8786790E-02  0.5994784E+01  0.1174795E+03  0.2303326E+04
   04  0.8789763E-02  0.5994898E+01  0.1174814E+03  0.2303343E+04
   04  0.8792737E-02  0.5995053E+01  0.1174842E+03  0.2303367E+04
   04  0.8795710E-02  0.5995250E+01  0.1174878E+03  0.2303399E+04
   04  0.8798684E-02  0.5995496E+01  0.1174923E+03  0.2303440E+04
   04  0.8801657E-02  0.5995778E+01  0.1174976E+03  0.2303487E+04
   04  0.8804631E-02  0.5996082E+01  0.1175032E+03  0.2303539E+04
   04  0.8807604E-02  0.5996394E+01  0.1175091E+03  0.2303592E+04
   04  0.8810578E-02  0.5996700E+01  0.1175147E+03  0.2303644E+04
   04  0.8813551E-02  0.5996989E+01  0.1175201E+03  0.2303693E+04
   04  0.8816525E-02  0.5997247E+01  0.1175249E+03  0.2303737E+04
   04  0.8819499E-02  0.5997475E+01  0.1175292E+03  0.2303777E+04
   04  0.8822472E-02  0.5997678E+01  0.1175329E+03  0.2303813E+04
   04  0.8825446E-02  0.5997857E+01  0.1175362E+03  0.2303845E+04
   04  0.8828419E-02  0.5998013E+01  0.1175391E+03  0.2303873E+04
   04  0.8831393E-02  0.5998147E+01  0.1175415E+03  0.2303897E+04
   04  0.8834366E-02  0.5998262E+01  0.1175435E+03  0.2303917E+04
   03  0.8837340E-02  0.5997261E+01  0.1175248E+03  0.2303721E+04
   03  0.8867075E-02  0.5997837E+01  0.1175346E+03  0.2303774E+04
   03  0.8896811E-02  0.5998268E+01  0.1175409E+03  0.2303770E+04
   03  0.8927037E-02  0.5998128E+01  0.1175352E+03  0.2303613E+04
   03  0.8957264E-02  0.5997809E+01  0.1175250E+03  0.2303364E+04
   03  0.8987491E-02  0.5997285E+01  0.1175082E+03  0.2302968E+04
   04  0.9017717E-02  0.5996831E+01  0.1174900E+03  0.2302512E+04
   04  0.9020740E-02  0.5996718E+01  0.1174867E+03  0.2302432E+04
   04  0.9023763E-02  0.5996608E+01  0.1174834E+03  0.2302353E+04
   04  0.9026785E-02  0.5996500E+01  0.1174802E+03  0.2302276E+04
   04  0.9029808E-02  0.5996394E+01  0.1174771E+03  0.2302200E+04
   04  0.9032831E-02  0.5996287E+01  0.1174740E+03  0.2302129E+04
   04  0.9035853E-02  0.5996178E+01  0.1174708E+03  0.2302059E+04
   04  0.9038876E-02  0.5996068E+01  0.1174675E+03  0.2301987E+04
   04  0.9041899E-02  0.5995957E+01  0.1174642E+03  0.2301915E+04
   04  0.9044921E-02  0.5995846E+01  0.1174610E+03  0.2301844E+04
   04  0.9047944E-02  0.5995718E+01  0.1174576E+03  0.2301804E+04
   04  0.9050967E-02  0.5995560E+01  0.1174526E+03  0.2301670E+04
   04  0.9053989E-02  0.5995402E+01  0.1174479E+03  0.2301556E+04
   04  0.9057012E-02  0.5995238E+01  0.1174430E+03  0.2301447E+04
   04  0.9060035E-02  0.5995066E+01  0.1174378E+03  0.2301332E+04
   04  0.9063057E-02  0.5994881E+01  0.1174323E+03  0.2301209E+04
   04  0.9066080E-02  0.5994678E+01  0.1174262E+03  0.2301073E+04
   04  0.9069103E-02  0.5994450E+01  0.1174194E+03  0.2300922E+04
   04  0.9072125E-02  0.5994194E+01  0.1174117E+03  0.2300751E+04
   04  0.9075148E-02  0.5993907E+01  0.1174031E+03  0.2300560E+04
   04  0.9078170E-02  0.5994301E+01  0.1174161E+03  0.2300868E+04
   04  0.9081193E-02  0.5993724E+01  0.1173989E+03  0.2300489E+04
   04  0.9084216E-02  0.5993118E+01  0.1173809E+03  0.2300089E+04
   04  0.9087238E-02  0.5992507E+01  0.1173626E+03  0.2299684E+04
   04  0.9090261E-02  0.5991898E+01  0.1173444E+03  0.2299280E+04
   04  0.9093284E-02  0.5991288E+01  0.1173261E+03  0.2298876E+04
   04  0.9096306E-02  0.5990654E+01  0.1173071E+03  0.2298455E+04
   04  0.9099329E-02  0.5989976E+01  0.1172868E+03  0.2298004E+04
   04  0.9102352E-02  0.5989236E+01  0.1172647E+03  0.2297513E+04
   04  0.9105374E-02  0.5988410E+01  0.1172400E+03  0.2296965E+04
   04  0.9108397E-02  0.5987478E+01  0.1172120E+03  0.2296346E+04
   04  0.9111420E-02  0.5986420E+01  0.1171804E+03  0.2295645E+04
   04  0.9114442E-02  0.5985226E+01  0.1171446E+03  0.2294853E+04
   04  0.9117465E-02  0.5983892E+01  0.1171047E+03  0.2293969E+04
   04  0.9120488E-02  0.5982422E+01  0.1170607E+03  0.2292994E+04
   04  0.9123510E-02  0.5980827E+01  0.1170130E+03  0.2291937E+04
   04  0.9126533E-02  0.5979125E+01  0.1169620E+03  0.2290810E+04
   04  0.9129556E-02  0.5977338E+01  0.1169086E+03  0.2289626E+04
   04  0.9132578E-02  0.5975496E+01  0.1168535E+03  0.2288406E+04
   04  0.9135601E-02  0.5973633E+01  0.1167977E+03  0.2287172E+04
   04  0.9138624E-02  0.5971770E+01  0.1167420E+03  0.2285939E+04
   04  0.9141646E-02  0.5969920E+01  0.1166867E+03  0.2284715E+04
   04  0.9144669E-02  0.5968077E+01  0.1166316E+03  0.2283496E+04
   04  0.9147692E-02  0.5966233E+01  0.1165765E+03  0.2282277E+04
   04  0.9150714E-02  0.5964380E+01  0.1165211E+03  0.2281051E+04
   04  0.9153737E-02  0.5962509E+01  0.1164652E+03  0.2279815E+04
   04  0.9156760E-02  0.5960610E+01  0.1164085E+03  0.2278560E+04
   04  0.9159782E-02  0.5958670E+01  0.1163506E+03  0.2277278E+04
   04  0.9162805E-02  0.5956675E+01  0.1162910E+03  0.2275961E+04
   04  0.9165828E-02  0.5954612E+01  0.1162294E+03  0.2274599E+04
   04  0.9168850E-02  0.5952469E+01  0.1161655E+03  0.2273185E+04
   04  0.9171873E-02  0.5950237E+01  0.1160989E+03  0.2271712E+04
   04  0.9174896E-02  0.5947910E+01  0.1160294E+03  0.2270177E+04
   04  0.9177918E-02  0.5945485E+01  0.1159571E+03  0.2268578E+04
   04  0.9180941E-02  0.5942963E+01  0.1158819E+03  0.2266915E+04
   04  0.9183964E-02  0.5940347E+01  0.1158039E+03  0.2265192E+04
   04  0.9186986E-02  0.5937647E+01  0.1157234E+03  0.2263413E+04
   04  0.9190009E-02  0.5934872E+01  0.1156407E+03  0.2261586E+04
   04  0.9193032E-02  0.5932032E+01  0.1155561E+03  0.2259717E+04
   04  0.9196054E-02  0.5929142E+01  0.1154700E+03  0.2257815E+04
   04  0.9199077E-02  0.5926211E+01  0.1153828E+03  0.2255887E+04
   04  0.9202100E-02  0.5923253E+01  0.1152947E+03  0.2253942E+04
   04  0.9205122E-02  0.5920275E+01  0.1152061E+03  0.2251985E+04
   04  0.9208145E-02  0.5917285E+01  0.1151171E+03  0.2250020E+04
   04  0.9211168E-02  0.5914286E+01  0.1150279E+03  0.2248051E+04
   04  0.9214190E-02  0.5911281E+01  0.1149385E+03  0.2246078E+04
   04  0.9217213E-02  0.5908269E+01  0.1148489E+03  0.2244100E+04
   04  0.9220236E-02  0.5905246E+01  0.1147590E+03  0.2242116E+04
   04  0.9223258E-02  0.5902207E+01  0.1146687E+03  0.2240123E+04
   04  0.9226281E-02  0.5899147E+01  0.1145777E+03  0.2238116E+04
   04  0.9229304E-02  0.5896060E+01  0.1144860E+03  0.2236092E+04
   04  0.9232326E-02  0.5892939E+01  0.1143932E+03  0.2234046E+04
   04  0.9235349E-02  0.5889779E+01  0.1142993E+03  0.2231975E+04
   04  0.9238372E-02  0.5886575E+01  0.1142041E+03  0.2229877E+04
   04  0.9241394E-02  0.5883325E+01  0.1141076E+03  0.2227748E+04
   04  0.9244417E-02  0.5880027E+01  0.1140097E+03  0.2225589E+04
   04  0.9247440E-02  0.5876682E+01  0.1139103E+03  0.2223400E+04
   04  0.9250462E-02  0.5873292E+01  0.1138097E+03  0.2221182E+04
   04  0.9253485E-02  0.5869858E+01  0.1137077E+03  0.2218936E+04
   04  0.9256508E-02  0.5866383E+01  0.1136046E+03  0.2216665E+04
   04  0.9259530E-02  0.5862873E+01  0.1135004E+03  0.2214371E+04
   04  0.9262601E-02  0.5859273E+01  0.1133936E+03  0.2212019E+04
   04  0.9265673E-02  0.5855642E+01  0.1132860E+03  0.2209648E+04
   04  0.9268744E-02  0.5851985E+01  0.1131775E+03  0.2207261E+04
   04  0.9271815E-02  0.5848304E+01  0.1130684E+03  0.2204858E+04
   04  0.9274887E-02  0.5844600E+01  0.1129586E+03  0.2202442E+04
   04  0.9277958E-02  0.5840875E+01  0.1128482E+03  0.2200014E+04
   04  0.9281029E-02  0.5837129E+01  0.1127372E+03  0.2197573E+04
   04  0.9284100E-02  0.5833364E+01  0.1126257E+03  0.2195120E+04
   04  0.9287172E-02  0.5829578E+01  0.1125136E+03  0.2192655E+04
   04  0.9290243E-02  0.5825772E+01  0.1124009E+03  0.2190178E+04
   04  0.9293314E-02  0.5821947E+01  0.1122877E+03  0.2187689E+04
   04  0.9296385E-02  0.5818101E+01  0.1121739E+03  0.2185188E+04
   04  0.9299457E-02  0.5814236E+01  0.1120596E+03  0.2182676E+04
   04  0.9302528E-02  0.5810352E+01  0.1119447E+03  0.2180152E+04
   04  0.9305599E-02  0.5806449E+01  0.1118293E+03  0.2177617E+04
   04  0.9308670E-02  0.5802528E+01  0.1117134E+03  0.2175072E+04
   04  0.9311742E-02  0.5798590E+01  0.1115971E+03  0.2172517E+04
   04  0.9314813E-02  0.5794635E+01  0.1114802E+03  0.2169952E+04
   04  0.9317884E-02  0.5790663E+01  0.1113629E+03  0.2167378E+04
   04  0.9320955E-02  0.5786675E+01  0.1112452E+03  0.2164793E+04
   04  0.9324027E-02  0.5782670E+01  0.1111270E+03  0.2162200E+04
   04  0.9327098E-02  0.5778648E+01  0.1110083E+03  0.2159596E+04
   04  0.9330169E-02  0.5774608E+01  0.1108891E+03  0.2156983E+04
   04  0.9333241E-02  0.5770549E+01  0.1107694E+03  0.2154358E+04
   04  0.9336312E-02  0.5766471E+01  0.1106492E+03  0.2151722E+04
   04  0.9339383E-02  0.5762373E+01  0.1105284E+03  0.2149074E+04
   04  0.9342454E-02  0.5758253E+01  0.1104070E+03  0.2146414E+04
   04  0.9345526E-02  0.5754111E+01  0.1102850E+03  0.2143741E+04
   04  0.9348597E-02  0.5749946E+01  0.1101623E+03  0.2141054E+04
   04  0.9351668E-02  0.5745758E+01  0.1100390E+03  0.2138354E+04
   04  0.9354739E-02  0.5741547E+01  0.1099151E+03  0.2135640E+04
   04  0.9357811E-02  0.5737313E+01  0.1097905E+03  0.2132912E+04
   04  0.9360882E-02  0.5733057E+01  0.1096654E+03  0.2130172E+04
   04  0.9363953E-02  0.5728779E+01  0.1095396E+03  0.2127420E+04
   04  0.9367024E-02  0.5724481E+01  0.1094132E+03  0.2124655E+04
   04  0.9370096E-02  0.5720164E+01  0.1092864E+03  0.2121880E+04
   04  0.9373167E-02  0.5715829E+01  0.1091590E+03  0.2119095E+04
   04  0.9376238E-02  0.5711478E+01  0.1090313E+03  0.2116301E+04
   04  0.9379309E-02  0.5707113E+01  0.1089031E+03  0.2113500E+04
   04  0.9382381E-02  0.5702736E+01  0.1087746E+03  0.2110691E+04
   04  0.9385452E-02  0.5698347E+01  0.1086459E+03  0.2107878E+04
   04  0.9388523E-02  0.5693949E+01  0.1085168E+03  0.2105059E+04
   04  0.9391594E-02  0.5689542E+01  0.1083876E+03  0.2102236E+04
   04  0.9394666E-02  0.5685127E+01  0.1082582E+03  0.2099410E+04
   04  0.9397737E-02  0.5680706E+01  0.1081287E+03  0.2096582E+04
   04  0.9400808E-02  0.5676280E+01  0.1079990E+03  0.2093751E+04
   04  0.9403880E-02  0.5671848E+01  0.1078692E+03  0.2090918E+04
   04  0.9406951E-02  0.5667411E+01  0.1077393E+03  0.2088084E+04
   04  0.9410022E-02  0.5662968E+01  0.1076093E+03  0.2085248E+04
   04  0.9413093E-02  0.5658521E+01  0.1074792E+03  0.2082410E+04
   04  0.9416165E-02  0.5654069E+01  0.1073489E+03  0.2079570E+04
   04  0.9419236E-02  0.5649610E+01  0.1072186E+03  0.2076728E+04
   04  0.9422307E-02  0.5645146E+01  0.1070881E+03  0.2073884E+04
   04  0.9425378E-02  0.5640675E+01  0.1069574E+03  0.2071037E+04
   04  0.9428450E-02  0.5636196E+01  0.1068266E+03  0.2068186E+04
   04  0.9431521E-02  0.5631709E+01  0.1066955E+03  0.2065332E+04
   04  0.9434592E-02  0.5627213E+01  0.1065643E+03  0.2062474E+04
   04  0.9437663E-02  0.5622707E+01  0.1064328E+03  0.2059611E+04
   04  0.9440735E-02  0.5618191E+01  0.1063010E+03  0.2056743E+04
   04  0.9443806E-02  0.5613663E+01  0.1061690E+03  0.2053870E+04
   04  0.9446877E-02  0.5609123E+01  0.1060366E+03  0.2050990E+04
   04  0.9449948E-02  0.5604571E+01  0.1059040E+03  0.2048104E+04
   04  0.9453020E-02  0.5600006E+01  0.1057709E+03  0.2045211E+04
   04  0.9456091E-02  0.5595427E+01  0.1056376E+03  0.2042312E+04
   04  0.9459162E-02  0.5590834E+01  0.1055038E+03  0.2039405E+04
   04  0.9462234E-02  0.5586227E+01  0.1053697E+03  0.2036490E+04
   04  0.9465305E-02  0.5581605E+01  0.1052353E+03  0.2033569E+04
   04  0.9468376E-02  0.5576969E+01  0.1051004E+03  0.2030639E+04
   04  0.9471447E-02  0.5572319E+01  0.1049652E+03  0.2027702E+04
   04  0.9474519E-02  0.5567654E+01  0.1048296E+03  0.2024758E+04
   04  0.9477590E-02  0.5562975E+01  0.1046936E+03  0.2021807E+04
   04  0.9480661E-02  0.5558283E+01  0.1045573E+03  0.2018849E+04
   04  0.9483732E-02  0.5553577E+01  0.1044207E+03  0.2015884E+04
   04  0.9486804E-02  0.5548859E+01  0.1042837E+03  0.2012913E+04
   04  0.9489875E-02  0.5544128E+01  0.1041464E+03  0.2009936E+04
   04  0.9492946E-02  0.5539386E+01  0.1040088E+03  0.2006953E+04
   04  0.9496017E-02  0.5534633E+01  0.1038710E+03  0.2003965E+04
   04  0.9499089E-02  0.5529869E+01  0.1037329E+03  0.2000973E+04
   04  0.9502160E-02  0.5525095E+01  0.1035946E+03  0.1997976E+04
   04  0.9505231E-02  0.5520313E+01  0.1034560E+03  0.1994975E+04
   04  0.9508302E-02  0.5515522E+01  0.1033173E+03  0.1991970E+04
   04  0.9511374E-02  0.5510722E+01  0.1031783E+03  0.1988962E+04
   04  0.9514445E-02  0.5505916E+01  0.1030393E+03  0.1985952E+04
   04  0.9517516E-02  0.5501103E+01  0.1029000E+03  0.1982939E+04
   04  0.9520588E-02  0.5496285E+01  0.1027607E+03  0.1979925E+04
   04  0.9523659E-02  0.5491461E+01  0.1026213E+03  0.1976908E+04
   04  0.9526730E-02  0.5486632E+01  0.1024817E+03  0.1973891E+04
   04  0.9529801E-02  0.5481799E+01  0.1023421E+03  0.1970873E+04
   04  0.9532873E-02  0.5476963E+01  0.1022025E+03  0.1967855E+04
   04  0.9535944E-02  0.5472124E+01  0.1020628E+03  0.1964838E+04
   04  0.9539015E-02  0.5467286E+01  0.1019232E+03  0.1961822E+04
   04  0.9542086E-02  0.5462449E+01  0.1017837E+03  0.1958809E+04
   04  0.9545158E-02  0.5457616E+01  0.1016444E+03  0.1955800E+04
   04  0.9548229E-02  0.5452786E+01  0.1015052E+03  0.1952795E+04
   04  0.9551300E-02  0.5447959E+01  0.1013661E+03  0.1949794E+04
   04  0.9554371E-02  0.5443134E+01  0.1012272E+03  0.1946796E+04
   04  0.9557443E-02  0.5438311E+01  0.1010883E+03  0.1943801E+04
   04  0.9560514E-02  0.5433490E+01  0.1009496E+03  0.1940809E+04
   04  0.9563585E-02  0.5428670E+01  0.1008109E+03  0.1937819E+04
   04  0.9566656E-02  0.5423852E+01  0.1006724E+03  0.1934833E+04
   04  0.9569728E-02  0.5419035E+01  0.1005339E+03  0.1931849E+04
   04  0.9572799E-02  0.5414219E+01  0.1003955E+03  0.1928867E+04
   04  0.9575870E-02  0.5409403E+01  0.1002572E+03  0.1925888E+04
   04  0.9578942E-02  0.5404588E+01  0.1001190E+03  0.1922911E+04
   04  0.9582013E-02  0.5399774E+01  0.9998078E+02  0.1919936E+04
   04  0.9585084E-02  0.5394961E+01  0.9984267E+02  0.1916963E+04
   04  0.9588155E-02  0.5390148E+01  0.9970463E+02  0.1913993E+04
   04  0.9591227E-02  0.5385335E+01  0.9956665E+02  0.1911025E+04
   04  0.9594298E-02  0.5380523E+01  0.9942874E+02  0.1908058E+04
   04  0.9597369E-02  0.5375711E+01  0.9929087E+02  0.1905094E+04
   04  0.9600440E-02  0.5370898E+01  0.9915305E+02  0.1902131E+04
   04  0.9603512E-02  0.5366085E+01  0.9901527E+02  0.1899170E+04
   04  0.9606583E-02  0.5361272E+01  0.9887752E+02  0.1896210E+04
   04  0.9609654E-02  0.5356457E+01  0.9873979E+02  0.1893252E+04
   04  0.9612725E-02  0.5351641E+01  0.9860207E+02  0.1890294E+04
   04  0.9615797E-02  0.5346824E+01  0.9846435E+02  0.1887338E+04
   04  0.9618868E-02  0.5342004E+01  0.9832663E+02  0.1884381E+04
   04  0.9621939E-02  0.5337182E+01  0.9818890E+02  0.1881426E+04
   04  0.9625010E-02  0.5332358E+01  0.9805115E+02  0.1878470E+04
   04  0.9628082E-02  0.5327531E+01  0.9791337E+02  0.1875515E+04
   04  0.9631201E-02  0.5322626E+01  0.9777342E+02  0.1872514E+04
   04  0.9634320E-02  0.5317717E+01  0.9763342E+02  0.1869513E+04
   04  0.9637438E-02  0.5312805E+01  0.9749338E+02  0.1866512E+04
   04  0.9640557E-02  0.5307890E+01  0.9735328E+02  0.1863510E+04
   04  0.9643676E-02  0.5302970E+01  0.9721314E+02  0.1860508E+04
   04  0.9646795E-02  0.5298047E+01  0.9707293E+02  0.1857505E+04
   04  0.9649914E-02  0.5293120E+01  0.9693266E+02  0.1854502E+04
   04  0.9653033E-02  0.5288188E+01  0.9679233E+02  0.1851498E+04
   04  0.9656152E-02  0.5283252E+01  0.9665193E+02  0.1848494E+04
   04  0.9659271E-02  0.5278312E+01  0.9651147E+02  0.1845489E+04
   04  0.9662390E-02  0.5273368E+01  0.9637095E+02  0.1842483E+04
   04  0.9665509E-02  0.5268420E+01  0.9623035E+02  0.1839477E+04
   04  0.9668628E-02  0.5263466E+01  0.9608969E+02  0.1836470E+04
   04  0.9671747E-02  0.5258509E+01  0.9594896E+02  0.1833462E+04
   04  0.9674865E-02  0.5253547E+01  0.9580816E+02  0.1830454E+04
   04  0.9677984E-02  0.5248581E+01  0.9566729E+02  0.1827445E+04
   04  0.9681103E-02  0.5243610E+01  0.9552635E+02  0.1824435E+04
   04  0.9684222E-02  0.5238634E+01  0.9538534E+02  0.1821425E+04
   04  0.9687341E-02  0.5233654E+01  0.9524426E+02  0.1818414E+04
   04  0.9690460E-02  0.5228670E+01  0.9510310E+02  0.1815402E+04
   04  0.9693579E-02  0.5223681E+01  0.9496188E+02  0.1812389E+04
   04  0.9696698E-02  0.5218687E+01  0.9482058E+02  0.1809375E+04
   04  0.9699817E-02  0.5213688E+01  0.9467920E+02  0.1806361E+04
   04  0.9702936E-02  0.5208685E+01  0.9453778E+02  0.1803347E+04
   04  0.9706055E-02  0.5203683E+01  0.9439640E+02  0.1800334E+04
   04  0.9709173E-02  0.5198682E+01  0.9425515E+02  0.1797324E+04
   04  0.9712292E-02  0.5193687E+01  0.9411412E+02  0.1794321E+04
   04  0.9715411E-02  0.5188700E+01  0.9397334E+02  0.1791323E+04
   04  0.9718530E-02  0.5183719E+01  0.9383284E+02  0.1788332E+04
   04  0.9721649E-02  0.5178747E+01  0.9369261E+02  0.1785348E+04
   04  0.9724768E-02  0.5173783E+01  0.9355266E+02  0.1782370E+04
   04  0.9727887E-02  0.5168827E+01  0.9341301E+02  0.1779400E+04
   04  0.9731006E-02  0.5163879E+01  0.9327366E+02  0.1776436E+04
   04  0.9734125E-02  0.5158941E+01  0.9313461E+02  0.1773480E+04
   04  0.9737244E-02  0.5154011E+01  0.9299588E+02  0.1770532E+04
   04  0.9740363E-02  0.5149090E+01  0.9285744E+02  0.1767590E+04
   04  0.9743482E-02  0.5144177E+01  0.9271929E+02  0.1764655E+04
   04  0.9746600E-02  0.5139273E+01  0.9258142E+02  0.1761727E+04
   04  0.9749719E-02  0.5134375E+01  0.9244382E+02  0.1758806E+04
   04  0.9752838E-02  0.5129485E+01  0.9230647E+02  0.1755891E+04
   04  0.9755957E-02  0.5124601E+01  0.9216934E+02  0.1752981E+04
   04  0.9759076E-02  0.5119722E+01  0.9203243E+02  0.1750076E+04
   04  0.9762195E-02  0.5114848E+01  0.9189570E+02  0.1747176E+04
   04  0.9765314E-02  0.5109978E+01  0.9175914E+02  0.1744281E+04
   04  0.9768433E-02  0.5105112E+01  0.9162274E+02  0.1741389E+04
   04  0.9771552E-02  0.5100248E+01  0.9148647E+02  0.1738501E+04
   04  0.9774671E-02  0.5095387E+01  0.9135033E+02  0.1735617E+04
   04  0.9777790E-02  0.5090528E+01  0.9121430E+02  0.1732735E+04
   04  0.9780909E-02  0.5085672E+01  0.9107838E+02  0.1729857E+04
   04  0.9784027E-02  0.5080817E+01  0.9094256E+02  0.1726982E+04
   04  0.9787146E-02  0.5075964E+01  0.9080686E+02  0.1724110E+04
   04  0.9790265E-02  0.5071113E+01  0.9067127E+02  0.1721241E+04
   04  0.9793384E-02  0.5066264E+01  0.9053580E+02  0.1718375E+04
   04  0.9796503E-02  0.5061419E+01  0.9040047E+02  0.1715513E+04
   04  0.9799622E-02  0.5056577E+01  0.9026530E+02  0.1712656E+04
   04  0.9802741E-02  0.5051740E+01  0.9013030E+02  0.1709802E+04
   04  0.9805860E-02  0.5046908E+01  0.8999550E+02  0.1706954E+04
   04  0.9808979E-02  0.5042082E+01  0.8986092E+02  0.1704111E+04
   04  0.9812098E-02  0.5037262E+01  0.8972658E+02  0.1701273E+04
   04  0.9815217E-02  0.5032450E+01  0.8959249E+02  0.1698442E+04
   04  0.9818335E-02  0.5027646E+01  0.8945868E+02  0.1695618E+04
   04  0.9821454E-02  0.5022850E+01  0.8932516E+02  0.1692800E+04
   04  0.9824573E-02  0.5018063E+01  0.8919192E+02  0.1689989E+04
   04  0.9827692E-02  0.5013284E+01  0.8905897E+02  0.1687185E+04
   04  0.9830811E-02  0.5008514E+01  0.8892631E+02  0.1684388E+04
   04  0.9833930E-02  0.5003752E+01  0.8879393E+02  0.1681597E+04
   04  0.9837049E-02  0.4998997E+01  0.8866181E+02  0.1678813E+04
   04  0.9840168E-02  0.4994250E+01  0.8852994E+02  0.1676035E+04
   04  0.9843287E-02  0.4989509E+01  0.8839831E+02  0.1673262E+04
   04  0.9846406E-02  0.4984774E+01  0.8826689E+02  0.1670495E+04
   04  0.9849525E-02  0.4980044E+01  0.8813566E+02  0.1667732E+04
   04  0.9852644E-02  0.4975318E+01  0.8800461E+02  0.1664974E+04
   04  0.9855762E-02  0.4970596E+01  0.8787371E+02  0.1662220E+04
   04  0.9858881E-02  0.4965877E+01  0.8774295E+02  0.1659469E+04
   04  0.9862000E-02  0.4961160E+01  0.8761231E+02  0.1656722E+04
   04  0.9865119E-02  0.4956445E+01  0.8748177E+02  0.1653977E+04
   04  0.9868238E-02  0.4951731E+01  0.8735134E+02  0.1651236E+04
   04  0.9871357E-02  0.4947019E+01  0.8722099E+02  0.1648497E+04
   04  0.9874476E-02  0.4942307E+01  0.8709074E+02  0.1645760E+04
   04  0.9877595E-02  0.4937597E+01  0.8696057E+02  0.1643026E+04
   04  0.9880714E-02  0.4932887E+01  0.8683049E+02  0.1640295E+04
   04  0.9883833E-02  0.4928179E+01  0.8670050E+02  0.1637566E+04
   04  0.9886952E-02  0.4923473E+01  0.8657061E+02  0.1634840E+04
   04  0.9890071E-02  0.4918768E+01  0.8644083E+02  0.1632118E+04
   04  0.9893189E-02  0.4914065E+01  0.8631117E+02  0.1629398E+04
   04  0.9896308E-02  0.4909364E+01  0.8618162E+02  0.1626681E+04
   04  0.9899427E-02  0.4904666E+01  0.8605220E+02  0.1623968E+04
   04  0.9902546E-02  0.4899971E+01  0.8592293E+02  0.1621259E+04
   04  0.9905665E-02  0.4895280E+01  0.8579381E+02  0.1618554E+04
   04  0.9908784E-02  0.4890592E+01  0.8566487E+02  0.1615853E+04
   04  0.9911903E-02  0.4885910E+01  0.8553614E+02  0.1613157E+04
   04  0.9915022E-02  0.4881234E+01  0.8540762E+02  0.1610466E+04
   04  0.9918141E-02  0.4876564E+01  0.8527935E+02  0.1607782E+04
   04  0.9921260E-02  0.4871903E+01  0.8515135E+02  0.1605103E+04
   04  0.9924379E-02  0.4867250E+01  0.8502366E+02  0.1602432E+04
   04  0.9927497E-02  0.4862606E+01  0.8489628E+02  0.1599768E+04
   04  0.9930616E-02  0.4857973E+01  0.8476924E+02  0.1597113E+04
   04  0.9933735E-02  0.4853351E+01  0.8464257E+02  0.1594465E+04
   04  0.9936854E-02  0.4848741E+01  0.8451627E+02  0.1591826E+04
   04  0.9939973E-02  0.4844142E+01  0.8439037E+02  0.1589196E+04
   04  0.9943092E-02  0.4839557E+01  0.8426488E+02  0.1586575E+04
   04  0.9946211E-02  0.4834984E+01  0.8413979E+02  0.1583964E+04
   04  0.9949330E-02  0.4830424E+01  0.8401511E+02  0.1581362E+04
   04  0.9952449E-02  0.4825876E+01  0.8389084E+02  0.1578769E+04
   04  0.9955568E-02  0.4821341E+01  0.8376696E+02  0.1576185E+04
   04  0.9958687E-02  0.4816818E+01  0.8364347E+02  0.1573610E+04
   04  0.9961806E-02  0.4812306E+01  0.8352033E+02  0.1571043E+04
   04  0.9964924E-02  0.4807803E+01  0.8339753E+02  0.1568484E+04
   04  0.9968043E-02  0.4803310E+01  0.8327504E+02  0.1565932E+04
   04  0.9971162E-02  0.4798825E+01  0.8315282E+02  0.1563387E+04
   04  0.9974281E-02  0.4794346E+01  0.8303085E+02  0.1560847E+04
   04  0.9977400E-02  0.4789873E+01  0.8290908E+02  0.1558313E+04
   04  0.9980519E-02  0.4785405E+01  0.8278749E+02  0.1555783E+04
   04  0.9983638E-02  0.4780939E+01  0.8266606E+02  0.1553258E+04
   04  0.9986757E-02  0.4776477E+01  0.8254477E+02  0.1550736E+04
   04  0.9989876E-02  0.4772016E+01  0.8242360E+02  0.1548217E+04
   04  0.9992995E-02  0.4767558E+01  0.8230254E+02  0.1545702E+04
   04  0.9996114E-02  0.4763101E+01  0.8218161E+02  0.1543191E+04
   04  0.9999233E-02  0.4758647E+01  0.8206080E+02  0.1540682E+04
   04  0.1000235E-01  0.4754195E+01  0.8194011E+02  0.1538178E+04
   04  0.1000552E-01  0.4749677E+01  0.8181773E+02  0.1535639E+04
   04  0.1000868E-01  0.4745163E+01  0.8169549E+02  0.1533104E+04
   04  0.1001185E-01  0.4740651E+01  0.8157340E+02  0.1530573E+04
   04  0.1001502E-01  0.4736142E+01  0.8145146E+02  0.1528047E+04
   04  0.1001818E-01  0.4731636E+01  0.8132968E+02  0.1525525E+04
   04  0.1002135E-01  0.4727133E+01  0.8120805E+02  0.1523007E+04
   04  0.1002452E-01  0.4722633E+01  0.8108658E+02  0.1520494E+04
   04  0.1002768E-01  0.4718135E+01  0.8096525E+02  0.1517985E+04
   04  0.1003085E-01  0.4713639E+01  0.8084406E+02  0.1515480E+04
   04  0.1003402E-01  0.4709145E+01  0.8072300E+02  0.1512979E+04
   04  0.1003718E-01  0.4704653E+01  0.8060205E+02  0.1510482E+04
   04  0.1004035E-01  0.4700161E+01  0.8048122E+02  0.1507989E+04
   04  0.1004351E-01  0.4695669E+01  0.8036049E+02  0.1505499E+04
   04  0.1004668E-01  0.4691178E+01  0.8023986E+02  0.1503013E+04
   04  0.1004985E-01  0.4686687E+01  0.8011934E+02  0.1500530E+04
   04  0.1005301E-01  0.4682197E+01  0.7999894E+02  0.1498052E+04
   04  0.1005618E-01  0.4677708E+01  0.7987867E+02  0.1495578E+04
   04  0.1005935E-01  0.4673220E+01  0.7975853E+02  0.1493109E+04
   04  0.1006251E-01  0.4668733E+01  0.7963853E+02  0.1490644E+04
   04  0.1006568E-01  0.4664247E+01  0.7951867E+02  0.1488184E+04
   04  0.1006885E-01  0.4659762E+01  0.7939893E+02  0.1485729E+04
   04  0.1007201E-01  0.4655275E+01  0.7927930E+02  0.1483278E+04
   04  0.1007518E-01  0.4650787E+01  0.7915973E+02  0.1480830E+04
   04  0.1007834E-01  0.4646295E+01  0.7904020E+02  0.1478385E+04
   04  0.1008151E-01  0.4641798E+01  0.7892067E+02  0.1475943E+04
   04  0.1008468E-01  0.4637294E+01  0.7880110E+02  0.1473503E+04
   04  0.1008784E-01  0.4632783E+01  0.7868146E+02  0.1471063E+04
   04  0.1009101E-01  0.4628262E+01  0.7856173E+02  0.1468625E+04
   04  0.1009418E-01  0.4623731E+01  0.7844189E+02  0.1466186E+04
   04  0.1009734E-01  0.4619189E+01  0.7832190E+02  0.1463748E+04
   04  0.1010051E-01  0.4614635E+01  0.7820176E+02  0.1461310E+04
   04  0.1010368E-01  0.4610067E+01  0.7808144E+02  0.1458872E+04
   04  0.1010684E-01  0.4605485E+01  0.7796092E+02  0.1456433E+04
   04  0.1011001E-01  0.4600886E+01  0.7784017E+02  0.1453992E+04
   04  0.1011317E-01  0.4596271E+01  0.7771915E+02  0.1451550E+04
   04  0.1011634E-01  0.4591635E+01  0.7759782E+02  0.1449105E+04
   04  0.1011951E-01  0.4586979E+01  0.7747617E+02  0.1446658E+04
   04  0.1012267E-01  0.4582301E+01  0.7735413E+02  0.1444207E+04
   04  0.1012584E-01  0.4577597E+01  0.7723169E+02  0.1441752E+04
   04  0.1012901E-01  0.4572867E+01  0.7710878E+02  0.1439293E+04
   04  0.1013217E-01  0.4568110E+01  0.7698543E+02  0.1436830E+04
   04  0.1013534E-01  0.4563329E+01  0.7686169E+02  0.1434363E+04
   04  0.1013851E-01  0.4558525E+01  0.7673766E+02  0.1431897E+04
   04  0.1014167E-01  0.4553703E+01  0.7661344E+02  0.1429432E+04
   04  0.1014484E-01  0.4548865E+01  0.7648911E+02  0.1426971E+04
   04  0.1014800E-01  0.4544010E+01  0.7636468E+02  0.1424514E+04
   04  0.1015117E-01  0.4539139E+01  0.7624016E+02  0.1422062E+04
   04  0.1015434E-01  0.4534252E+01  0.7611555E+02  0.1419615E+04
   04  0.1015750E-01  0.4529346E+01  0.7599087E+02  0.1417174E+04
   04  0.1016067E-01  0.4524423E+01  0.7586608E+02  0.1414738E+04
   04  0.1016384E-01  0.4519479E+01  0.7574118E+02  0.1412308E+04
   04  0.1016700E-01  0.4514513E+01  0.7561612E+02  0.1409884E+04
   04  0.1017017E-01  0.4509523E+01  0.7549089E+02  0.1407464E+04
   04  0.1017334E-01  0.4504507E+01  0.7536542E+02  0.1405049E+04
   04  0.1017650E-01  0.4499462E+01  0.7523970E+02  0.1402639E+04
   04  0.1017967E-01  0.4494386E+01  0.7511367E+02  0.1400232E+04
   04  0.1018284E-01  0.4489276E+01  0.7498728E+02  0.1397828E+04
   04  0.1018600E-01  0.4484129E+01  0.7486049E+02  0.1395427E+04
   04  0.1018917E-01  0.4478942E+01  0.7473323E+02  0.1393028E+04
   04  0.1019233E-01  0.4473713E+01  0.7460546E+02  0.1390631E+04
   04  0.1019550E-01  0.4468437E+01  0.7447711E+02  0.1388235E+04
   04  0.1019867E-01  0.4463112E+01  0.7434813E+02  0.1385839E+04
   04  0.1020183E-01  0.4457733E+01  0.7421844E+02  0.1383442E+04
   04  0.1020500E-01  0.4452298E+01  0.7408799E+02  0.1381045E+04
   04  0.1020817E-01  0.4446801E+01  0.7395671E+02  0.1378645E+04
   04  0.1021133E-01  0.4441241E+01  0.7382453E+02  0.1376243E+04
   04  0.1021450E-01  0.4435611E+01  0.7369138E+02  0.1373837E+04
   04  0.1021767E-01  0.4429908E+01  0.7355717E+02  0.1371427E+04
   04  0.1022083E-01  0.4424128E+01  0.7342183E+02  0.1369012E+04
   04  0.1022400E-01  0.4418264E+01  0.7328525E+02  0.1366591E+04
   04  0.1022716E-01  0.4412313E+01  0.7314734E+02  0.1364162E+04
   04  0.1023033E-01  0.4406267E+01  0.7300800E+02  0.1361724E+04
   04  0.1023350E-01  0.4400122E+01  0.7286713E+02  0.1359276E+04
   04  0.1023666E-01  0.4393871E+01  0.7272461E+02  0.1356817E+04
   04  0.1023983E-01  0.4387511E+01  0.7258038E+02  0.1354346E+04
   04  0.1024300E-01  0.4381034E+01  0.7243433E+02  0.1351863E+04
   04  0.1024616E-01  0.4374438E+01  0.7228638E+02  0.1349365E+04
   04  0.1024933E-01  0.4367715E+01  0.7213646E+02  0.1346854E+04
   04  0.1025250E-01  0.4360861E+01  0.7198448E+02  0.1344327E+04
   04  0.1025566E-01  0.4353870E+01  0.7183034E+02  0.1341785E+04
   04  0.1025883E-01  0.4346736E+01  0.7167394E+02  0.1339227E+04
   04  0.1026199E-01  0.4339453E+01  0.7151519E+02  0.1336651E+04
   04  0.1026516E-01  0.4332016E+01  0.7135401E+02  0.1334057E+04
   04  0.1026833E-01  0.4324419E+01  0.7119031E+02  0.1331445E+04
   04  0.1027149E-01  0.4316655E+01  0.7102402E+02  0.1328815E+04
   04  0.1027466E-01  0.4308721E+01  0.7085506E+02  0.1326166E+04
   04  0.1027783E-01  0.4300610E+01  0.7068336E+02  0.1323499E+04
   04  0.1028099E-01  0.4292316E+01  0.7050883E+02  0.1320812E+04
   04  0.1028416E-01  0.4283832E+01  0.7033136E+02  0.1318105E+04
   04  0.1028733E-01  0.4275151E+01  0.7015084E+02  0.1315377E+04
   04  0.1029049E-01  0.4266266E+01  0.6996716E+02  0.1312628E+04
   04  0.1029366E-01  0.4257168E+01  0.6978018E+02  0.1309856E+04
   04  0.1029682E-01  0.4247849E+01  0.6958977E+02  0.1307061E+04
   04  0.1029999E-01  0.4238301E+01  0.6939580E+02  0.1304240E+04
   04  0.1030316E-01  0.4228515E+01  0.6919814E+02  0.1301394E+04
   04  0.1030632E-01  0.4218482E+01  0.6899664E+02  0.1298521E+04
   04  0.1030949E-01  0.4208195E+01  0.6879119E+02  0.1295620E+04
   04  0.1031266E-01  0.4197644E+01  0.6858164E+02  0.1292690E+04
   04  0.1031582E-01  0.4186819E+01  0.6836784E+02  0.1289731E+04
   04  0.1031899E-01  0.4175711E+01  0.6814965E+02  0.1286740E+04
   04  0.1032216E-01  0.4164311E+01  0.6792691E+02  0.1283717E+04
   04  0.1032532E-01  0.4152608E+01  0.6769945E+02  0.1280660E+04
   04  0.1032849E-01  0.4140592E+01  0.6746714E+02  0.1277569E+04
   04  0.1033165E-01  0.4128254E+01  0.6722982E+02  0.1274442E+04
   04  0.1033482E-01  0.4115584E+01  0.6698736E+02  0.1271279E+04
   04  0.1033799E-01  0.4102573E+01  0.6673962E+02  0.1268079E+04
   04  0.1034115E-01  0.4089209E+01  0.6648643E+02  0.1264840E+04
   04  0.1034432E-01  0.4075482E+01  0.6622765E+02  0.1261563E+04
   04  0.1034749E-01  0.4061382E+01  0.6596309E+02  0.1258245E+04
   04  0.1035065E-01  0.4046895E+01  0.6569257E+02  0.1254886E+04
   04  0.1035382E-01  0.4032011E+01  0.6541590E+02  0.1251483E+04
   04  0.1035699E-01  0.4016717E+01  0.6513292E+02  0.1248036E+04
   04  0.1036015E-01  0.4001003E+01  0.6484343E+02  0.1244542E+04
   04  0.1036332E-01  0.3984855E+01  0.6454727E+02  0.1241002E+04
   04  0.1036649E-01  0.3968262E+01  0.6424425E+02  0.1237414E+04
   04  0.1036965E-01  0.3951211E+01  0.6393416E+02  0.1233775E+04
   04  0.1037282E-01  0.3933689E+01  0.6361679E+02  0.1230085E+04
   04  0.1037598E-01  0.3915680E+01  0.6329191E+02  0.1226341E+04
   04  0.1037915E-01  0.3897172E+01  0.6295928E+02  0.1222540E+04
   04  0.1038232E-01  0.3878150E+01  0.6261869E+02  0.1218681E+04
   04  0.1038553E-01  0.3858310E+01  0.6226476E+02  0.1214705E+04
   04  0.1038874E-01  0.3837913E+01  0.6190219E+02  0.1210665E+04
   04  0.1039195E-01  0.3816946E+01  0.6153078E+02  0.1206560E+04
   04  0.1039517E-01  0.3795393E+01  0.6115032E+02  0.1202389E+04
   04  0.1039838E-01  0.3773242E+01  0.6076061E+02  0.1198151E+04
   04  0.1040159E-01  0.3750479E+01  0.6036144E+02  0.1193843E+04
   04  0.1040481E-01  0.3727090E+01  0.5995260E+02  0.1189465E+04
   04  0.1040802E-01  0.3703059E+01  0.5953387E+02  0.1185015E+04
   04  0.1041123E-01  0.3678373E+01  0.5910504E+02  0.1180491E+04
   04  0.1041444E-01  0.3653017E+01  0.5866588E+02  0.1175891E+04
   04  0.1041766E-01  0.3626978E+01  0.5821619E+02  0.1171214E+04
   04  0.1042087E-01  0.3600241E+01  0.5775577E+02  0.1166459E+04
   04  0.1042408E-01  0.3572793E+01  0.5728441E+02  0.1161625E+04
   04  0.1042729E-01  0.3544619E+01  0.5680192E+02  0.1156710E+04
   04  0.1043051E-01  0.3515707E+01  0.5630811E+02  0.1151713E+04
   04  0.1043372E-01  0.3486042E+01  0.5580275E+02  0.1146632E+04
   04  0.1043693E-01  0.3455609E+01  0.5528563E+02  0.1141466E+04
   04  0.1044014E-01  0.3424395E+01  0.5475652E+02  0.1136213E+04
   04  0.1044336E-01  0.3392384E+01  0.5421522E+02  0.1130870E+04
   04  0.1044657E-01  0.3359564E+01  0.5366153E+02  0.1125438E+04
   04  0.1044978E-01  0.3325922E+01  0.5309528E+02  0.1119914E+04
   04  0.1045299E-01  0.3291447E+01  0.5251630E+02  0.1114298E+04
   04  0.1045621E-01  0.3256125E+01  0.5192443E+02  0.1108589E+04
   04  0.1045942E-01  0.3219946E+01  0.5131949E+02  0.1102786E+04
   04  0.1046263E-01  0.3182894E+01  0.5070129E+02  0.1096887E+04
   04  0.1046585E-01  0.3144958E+01  0.5006962E+02  0.1090891E+04
   04  0.1046906E-01  0.3106126E+01  0.4942430E+02  0.1084795E+04
   04  0.1047227E-01  0.3066386E+01  0.4876518E+02  0.1078599E+04
   04  0.1047548E-01  0.3025728E+01  0.4809215E+02  0.1072303E+04
   04  0.1047870E-01  0.2984144E+01  0.4740510E+02  0.1065907E+04
   04  0.1048191E-01  0.2941625E+01  0.4670393E+02  0.1059410E+04
   04  0.1048512E-01  0.2898163E+01  0.4598855E+02  0.1052813E+04
   04  0.1048833E-01  0.2853750E+01  0.4525885E+02  0.1046116E+04
   04  0.1049155E-01  0.2808373E+01  0.4451468E+02  0.1039316E+04
   04  0.1049476E-01  0.2762029E+01  0.4375596E+02  0.1032415E+04
   04  0.1049797E-01  0.2714699E+01  0.4298245E+02  0.1025408E+04
   04  0.1050118E-01  0.2666387E+01  0.4219421E+02  0.1018299E+04
   04  0.1050440E-01  0.2617085E+01  0.4139116E+02  0.1011085E+04
   04  0.1050761E-01  0.2566754E+01  0.4057270E+02  0.1003764E+04
   04  0.1051082E-01  0.2515684E+01  0.3974344E+02  0.9963715E+03
   04  0.1051403E-01  0.2464168E+01  0.3890804E+02  0.9889452E+03
   04  0.1051725E-01  0.2412490E+01  0.3807098E+02  0.9815206E+03
   04  0.1052046E-01  0.2360963E+01  0.3723720E+02  0.9741368E+03
   04  0.1052367E-01  0.2309843E+01  0.3641076E+02  0.9668256E+03
   04  0.1052689E-01  0.2259514E+01  0.3559767E+02  0.9596344E+03
   04  0.1053010E-01  0.2210111E+01  0.3480004E+02  0.9525791E+03
   04  0.1053331E-01  0.2161631E+01  0.3401780E+02  0.9456587E+03
   04  0.1053652E-01  0.2114071E+01  0.3325089E+02  0.9388717E+03
   04  0.1053974E-01  0.2067430E+01  0.3249922E+02  0.9322169E+03
   04  0.1054295E-01  0.2021704E+01  0.3176270E+02  0.9256928E+03
   04  0.1054616E-01  0.1976888E+01  0.3104126E+02  0.9192984E+03
   04  0.1054937E-01  0.1932979E+01  0.3033481E+02  0.9130329E+03
   04  0.1055259E-01  0.1889974E+01  0.2964327E+02  0.9068957E+03
   04  0.1055580E-01  0.1847866E+01  0.2896656E+02  0.9008865E+03
   04  0.1055901E-01  0.1806651E+01  0.2830457E+02  0.8950043E+03
   04  0.1056222E-01  0.1766320E+01  0.2765717E+02  0.8892479E+03
   04  0.1056544E-01  0.1726867E+01  0.2702419E+02  0.8836151E+03
   04  0.1056865E-01  0.1688283E+01  0.2640548E+02  0.8781041E+03
   04  0.1057186E-01  0.1650559E+01  0.2580089E+02  0.8727135E+03
   04  0.1057508E-01  0.1613688E+01  0.2521027E+02  0.8674422E+03
   04  0.1057829E-01  0.1577660E+01  0.2463347E+02  0.8622887E+03
   04  0.1058150E-01  0.1542465E+01  0.2407030E+02  0.8572515E+03
   04  0.1058471E-01  0.1508094E+01  0.2352057E+02  0.8523282E+03
   04  0.1058793E-01  0.1474534E+01  0.2298409E+02  0.8475166E+03
   04  0.1059114E-01  0.1441776E+01  0.2246067E+02  0.8428148E+03
   04  0.1059435E-01  0.1409811E+01  0.2195015E+02  0.8382222E+03
   04  0.1059756E-01  0.1378627E+01  0.2145238E+02  0.8337386E+03
   04  0.1060078E-01  0.1348216E+01  0.2096721E+02  0.8293632E+03
   04  0.1060399E-01  0.1318564E+01  0.2049441E+02  0.8250942E+03
   04  0.1060720E-01  0.1289659E+01  0.2003376E+02  0.8209286E+03
   04  0.1061041E-01  0.1261489E+01  0.1958503E+02  0.8168638E+03
   04  0.1061363E-01  0.1234041E+01  0.1914801E+02  0.8128978E+03
   04  0.1061684E-01  0.1207303E+01  0.1872250E+02  0.8090293E+03
   04  0.1062005E-01  0.1181265E+01  0.1830830E+02  0.8052569E+03
   04  0.1062326E-01  0.1155913E+01  0.1790523E+02  0.8015793E+03
   04  0.1062648E-01  0.1131236E+01  0.1751310E+02  0.7979956E+03
   04  0.1062969E-01  0.1107222E+01  0.1713171E+02  0.7945047E+03
   04  0.1063290E-01  0.1083857E+01  0.1676082E+02  0.7911037E+03
   04  0.1063612E-01  0.1061128E+01  0.1640017E+02  0.7877888E+03
   04  0.1063933E-01  0.1039021E+01  0.1604949E+02  0.7845562E+03
   04  0.1064254E-01  0.1017522E+01  0.1570857E+02  0.7814034E+03
   04  0.1064575E-01  0.9966208E+00  0.1537723E+02  0.7783298E+03
   04  0.1064897E-01  0.9763060E+00  0.1505531E+02  0.7753354E+03
   04  0.1065218E-01  0.9565663E+00  0.1474264E+02  0.7724199E+03
   04  0.1065539E-01  0.9373898E+00  0.1443904E+02  0.7695822E+03
   04  0.1065860E-01  0.9187644E+00  0.1414430E+02  0.7668210E+03
   04  0.1066182E-01  0.9006779E+00  0.1385823E+02  0.7641344E+03
   04  0.1066503E-01  0.8831172E+00  0.1358058E+02  0.7615195E+03
   04  0.1066824E-01  0.8660691E+00  0.1331111E+02  0.7589725E+03
   04  0.1067145E-01  0.8495207E+00  0.1304959E+02  0.7564900E+03
   04  0.1067467E-01  0.8334603E+00  0.1279582E+02  0.7540702E+03
   04  0.1067788E-01  0.8178773E+00  0.1254964E+02  0.7517122E+03
   04  0.1068109E-01  0.8027609E+00  0.1231088E+02  0.7494159E+03
   04  0.1068430E-01  0.7881006E+00  0.1207940E+02  0.7471806E+03
   04  0.1068752E-01  0.7738855E+00  0.1185501E+02  0.7450051E+03
   04  0.1069073E-01  0.7601042E+00  0.1163752E+02  0.7428877E+03
   04  0.1069394E-01  0.7467457E+00  0.1142674E+02  0.7408261E+03
   04  0.1069716E-01  0.7337989E+00  0.1122250E+02  0.7388185E+03
   04  0.1070037E-01  0.7212531E+00  0.1102460E+02  0.7368629E+03
   04  0.1070358E-01  0.7090980E+00  0.1083288E+02  0.7349578E+03
   04  0.1070679E-01  0.6973234E+00  0.1064718E+02  0.7331020E+03
   04  0.1071001E-01  0.6859194E+00  0.1046732E+02  0.7312939E+03
   04  0.1071322E-01  0.6748760E+00  0.1029316E+02  0.7295321E+03
   04  0.1071643E-01  0.6641838E+00  0.1012454E+02  0.7278156E+03
   04  0.1071964E-01  0.6538333E+00  0.9961304E+01  0.7261432E+03
   04  0.1072286E-01  0.6438150E+00  0.9803296E+01  0.7245131E+03
   04  0.1072607E-01  0.6341194E+00  0.9650354E+01  0.7229234E+03
   04  0.1072928E-01  0.6247375E+00  0.9502333E+01  0.7213728E+03
   04  0.1073249E-01  0.6156609E+00  0.9359106E+01  0.7198608E+03
   04  0.1073571E-01  0.6068813E+00  0.9220548E+01  0.7183869E+03
   04  0.1073892E-01  0.5983907E+00  0.9086534E+01  0.7169507E+03
   04  0.1074213E-01  0.5901807E+00  0.8956934E+01  0.7155510E+03
   04  0.1074534E-01  0.5822431E+00  0.8831613E+01  0.7141867E+03
   04  0.1074856E-01  0.5745698E+00  0.8710438E+01  0.7128564E+03
   04  0.1075177E-01  0.5671532E+00  0.8593284E+01  0.7115591E+03
   04  0.1075498E-01  0.5599853E+00  0.8480024E+01  0.7102934E+03
   04  0.1075820E-01  0.5530585E+00  0.8370525E+01  0.7090576E+03
   04  0.1076141E-01  0.5463654E+00  0.8264662E+01  0.7078502E+03
   04  0.1076462E-01  0.5398990E+00  0.8162329E+01  0.7066706E+03
   04  0.1076783E-01  0.5336527E+00  0.8063428E+01  0.7055185E+03
   04  0.1077109E-01  0.5275326E+00  0.7966477E+01  0.7043773E+03
   04  0.1077435E-01  0.5216258E+00  0.7872855E+01  0.7032633E+03
   04  0.1077761E-01  0.5159254E+00  0.7782454E+01  0.7021758E+03
   04  0.1078087E-01  0.5104248E+00  0.7695167E+01  0.7011137E+03
   04  0.1078413E-01  0.5051175E+00  0.7610887E+01  0.7000759E+03
   04  0.1078739E-01  0.4999973E+00  0.7529512E+01  0.6990613E+03
   04  0.1079065E-01  0.4950580E+00  0.7450944E+01  0.6980691E+03
   04  0.1079391E-01  0.4902939E+00  0.7375092E+01  0.6970985E+03
   04  0.1079717E-01  0.4856991E+00  0.7301867E+01  0.6961489E+03
   04  0.1080043E-01  0.4812682E+00  0.7231182E+01  0.6952197E+03
   04  0.1080369E-01  0.4769958E+00  0.7162952E+01  0.6943102E+03
   04  0.1080695E-01  0.4728766E+00  0.7097091E+01  0.6934196E+03
   04  0.1081021E-01  0.4689054E+00  0.7033523E+01  0.6925474E+03
   04  0.1081347E-01  0.4650773E+00  0.6972165E+01  0.6916928E+03
   04  0.1081673E-01  0.4613872E+00  0.6912929E+01  0.6908545E+03
   04  0.1081999E-01  0.4578303E+00  0.6855743E+01  0.6900319E+03
   04  0.1082325E-01  0.4544024E+00  0.6800544E+01  0.6892250E+03
   04  0.1082651E-01  0.4510993E+00  0.6747277E+01  0.6884341E+03
   04  0.1082977E-01  0.4479168E+00  0.6695880E+01  0.6876589E+03
   04  0.1083303E-01  0.4448508E+00  0.6646286E+01  0.6868989E+03
   04  0.1083629E-01  0.4418971E+00  0.6598427E+01  0.6861533E+03
   04  0.1083955E-01  0.4390515E+00  0.6552237E+01  0.6854214E+03
   04  0.1084281E-01  0.4363104E+00  0.6507652E+01  0.6847023E+03
   04  0.1084607E-01  0.4336698E+00  0.6464614E+01  0.6839957E+03
   04  0.1084933E-01  0.4311261E+00  0.6423057E+01  0.6833004E+03
   04  0.1085259E-01  0.4286756E+00  0.6382921E+01  0.6826157E+03
   04  0.1085585E-01  0.4263151E+00  0.6344159E+01  0.6819414E+03
   04  0.1085911E-01  0.4240417E+00  0.6306734E+01  0.6812781E+03
   04  0.1086237E-01  0.4218524E+00  0.6270608E+01  0.6806258E+03
   04  0.1086563E-01  0.4197442E+00  0.6235733E+01  0.6799843E+03
   04  0.1086889E-01  0.4177141E+00  0.6202058E+01  0.6793528E+03
   04  0.1087215E-01  0.4157590E+00  0.6169538E+01  0.6787310E+03
   04  0.1087541E-01  0.4138762E+00  0.6138121E+01  0.6781181E+03
   04  0.1087867E-01  0.4120627E+00  0.6107759E+01  0.6775131E+03
   04  0.1088193E-01  0.4103160E+00  0.6078413E+01  0.6769159E+03
   04  0.1088519E-01  0.4086339E+00  0.6050053E+01  0.6763268E+03
   04  0.1088845E-01  0.4070139E+00  0.6022648E+01  0.6757457E+03
   04  0.1089171E-01  0.4054539E+00  0.5996161E+01  0.6751724E+03
   04  0.1089497E-01  0.4039514E+00  0.5970556E+01  0.6746065E+03
   04  0.1089823E-01  0.4025043E+00  0.5945798E+01  0.6740476E+03
   04  0.1090149E-01  0.4011104E+00  0.5921847E+01  0.6734951E+03
   04  0.1090475E-01  0.3997674E+00  0.5898664E+01  0.6729482E+03
   04  0.1090801E-01  0.3984735E+00  0.5876225E+01  0.6724071E+03
   04  0.1091127E-01  0.3972271E+00  0.5854515E+01  0.6718723E+03
   04  0.1091453E-01  0.3960266E+00  0.5833513E+01  0.6713442E+03
   04  0.1091779E-01  0.3948701E+00  0.5813189E+01  0.6708223E+03
   04  0.1092105E-01  0.3937559E+00  0.5793511E+01  0.6703060E+03
   04  0.1092431E-01  0.3926821E+00  0.5774448E+01  0.6697949E+03
   04  0.1092757E-01  0.3916470E+00  0.5755974E+01  0.6692885E+03
   04  0.1093083E-01  0.3906493E+00  0.5738062E+01  0.6687866E+03
   04  0.1093409E-01  0.3896872E+00  0.5720691E+01  0.6682889E+03
   04  0.1093735E-01  0.3887594E+00  0.5703832E+01  0.6677949E+03
   04  0.1094061E-01  0.3878642E+00  0.5687454E+01  0.6673038E+03
   04  0.1094387E-01  0.3870005E+00  0.5671550E+01  0.6668162E+03
   04  0.1094713E-01  0.3861678E+00  0.5656129E+01  0.6663338E+03
   04  0.1095039E-01  0.3853651E+00  0.5641183E+01  0.6658571E+03
   04  0.1095365E-01  0.3845909E+00  0.5626686E+01  0.6653854E+03
   04  0.1095691E-01  0.3838440E+00  0.5612610E+01  0.6649180E+03
   04  0.1096017E-01  0.3831230E+00  0.5598930E+01  0.6644542E+03
   04  0.1096343E-01  0.3824269E+00  0.5585625E+01  0.6639935E+03
   04  0.1096669E-01  0.3817544E+00  0.5572676E+01  0.6635356E+03
   04  0.1096995E-01  0.3811046E+00  0.5560066E+01  0.6630802E+03
   04  0.1097321E-01  0.3804765E+00  0.5547774E+01  0.6626269E+03
   04  0.1097647E-01  0.3798689E+00  0.5535781E+01  0.6621750E+03
   04  0.1097973E-01  0.3792813E+00  0.5524085E+01  0.6617253E+03
   04  0.1098299E-01  0.3787135E+00  0.5512696E+01  0.6612790E+03
   04  0.1098625E-01  0.3781646E+00  0.5501610E+01  0.6608365E+03
   04  0.1098951E-01  0.3776340E+00  0.5490808E+01  0.6603973E+03
   04  0.1099277E-01  0.3771205E+00  0.5480269E+01  0.6599607E+03
   04  0.1099603E-01  0.3766234E+00  0.5469979E+01  0.6595264E+03
   04  0.1099929E-01  0.3761421E+00  0.5459924E+01  0.6590939E+03
   04  0.1100255E-01  0.3756757E+00  0.5450093E+01  0.6586632E+03
   04  0.1100581E-01  0.3752236E+00  0.5440475E+01  0.6582341E+03
   04  0.1100907E-01  0.3747855E+00  0.5431066E+01  0.6578068E+03
   04  0.1101233E-01  0.3743606E+00  0.5421857E+01  0.6573813E+03
   04  0.1101559E-01  0.3739485E+00  0.5412839E+01  0.6569574E+03
   04  0.1101885E-01  0.3735485E+00  0.5404003E+01  0.6565350E+03
   04  0.1102211E-01  0.3731601E+00  0.5395341E+01  0.6561140E+03
   04  0.1102537E-01  0.3727829E+00  0.5386843E+01  0.6556943E+03
   04  0.1102863E-01  0.3724162E+00  0.5378502E+01  0.6552757E+03
   04  0.1103189E-01  0.3720596E+00  0.5370309E+01  0.6548582E+03
   04  0.1103515E-01  0.3717126E+00  0.5362255E+01  0.6544415E+03
   04  0.1103841E-01  0.3713746E+00  0.5354330E+01  0.6540254E+03
   04  0.1104167E-01  0.3710456E+00  0.5346544E+01  0.6536107E+03
   04  0.1104493E-01  0.3707255E+00  0.5338902E+01  0.6531984E+03
   04  0.1104819E-01  0.3704137E+00  0.5331395E+01  0.6527880E+03
   04  0.1105145E-01  0.3701098E+00  0.5324012E+01  0.6523792E+03
   04  0.1105471E-01  0.3698132E+00  0.5316740E+01  0.6519715E+03
   04  0.1105797E-01  0.3695236E+00  0.5309573E+01  0.6515648E+03
   04  0.1106123E-01  0.3692406E+00  0.5302504E+01  0.6511588E+03
   04  0.1106449E-01  0.3689639E+00  0.5295527E+01  0.6507535E+03
   04  0.1106775E-01  0.3686931E+00  0.5288633E+01  0.6503485E+03
   04  0.1107101E-01  0.3684277E+00  0.5281814E+01  0.6499437E+03
   04  0.1107427E-01  0.3681677E+00  0.5275069E+01  0.6495390E+03
   04  0.1107753E-01  0.3679130E+00  0.5268408E+01  0.6491353E+03
   04  0.1108079E-01  0.3676636E+00  0.5261836E+01  0.6487333E+03
   04  0.1108405E-01  0.3674193E+00  0.5255346E+01  0.6483326E+03
   04  0.1108731E-01  0.3671795E+00  0.5248928E+01  0.6479328E+03
   04  0.1109057E-01  0.3669441E+00  0.5242576E+01  0.6475336E+03
   04  0.1109383E-01  0.3667129E+00  0.5236286E+01  0.6471350E+03
   04  0.1109709E-01  0.3664855E+00  0.5230052E+01  0.6467368E+03
   04  0.1110035E-01  0.3662618E+00  0.5223872E+01  0.6463389E+03
   04  0.1110361E-01  0.3660418E+00  0.5217749E+01  0.6459417E+03
   04  0.1110687E-01  0.3658254E+00  0.5211684E+01  0.6455455E+03
   04  0.1111013E-01  0.3656124E+00  0.5205673E+01  0.6451500E+03
   04  0.1111339E-01  0.3654027E+00  0.5199712E+01  0.6447550E+03
   04  0.1111665E-01  0.3651960E+00  0.5193797E+01  0.6443606E+03
   04  0.1111991E-01  0.3649922E+00  0.5187925E+01  0.6439664E+03
   04  0.1112317E-01  0.3647912E+00  0.5182091E+01  0.6435724E+03
   04  0.1112643E-01  0.3645930E+00  0.5176300E+01  0.6431789E+03
   04  0.1112969E-01  0.3643979E+00  0.5170565E+01  0.6427866E+03
   04  0.1113295E-01  0.3642058E+00  0.5164886E+01  0.6423957E+03
   04  0.1113620E-01  0.3640166E+00  0.5159253E+01  0.6420057E+03
   04  0.1113946E-01  0.3638299E+00  0.5153658E+01  0.6416160E+03
   04  0.1114272E-01  0.3636453E+00  0.5148097E+01  0.6412267E+03
   04  0.1114598E-01  0.3634628E+00  0.5142564E+01  0.6408376E+03
   04  0.1114924E-01  0.3632822E+00  0.5137059E+01  0.6404487E+03
   04  0.1115250E-01  0.3631034E+00  0.5131580E+01  0.6400600E+03
   04  0.1115576E-01  0.3629264E+00  0.5126127E+01  0.6396714E+03
   04  0.1115902E-01  0.3627512E+00  0.5120693E+01  0.6392824E+03
   04  0.1116233E-01  0.3625754E+00  0.5115206E+01  0.6388877E+03
   04  0.1116564E-01  0.3624024E+00  0.5109778E+01  0.6384949E+03
   04  0.1116895E-01  0.3622326E+00  0.5104422E+01  0.6381049E+03
   04  0.1117226E-01  0.3620657E+00  0.5099119E+01  0.6377162E+03
   04  0.1117556E-01  0.3619013E+00  0.5093856E+01  0.6373282E+03
   04  0.1117887E-01  0.3617393E+00  0.5088629E+01  0.6369406E+03
   04  0.1118218E-01  0.3615795E+00  0.5083434E+01  0.6365532E+03
   04  0.1118549E-01  0.3614217E+00  0.5078267E+01  0.6361661E+03
   04  0.1118880E-01  0.3612657E+00  0.5073124E+01  0.6357790E+03
   04  0.1119210E-01  0.3611108E+00  0.5067989E+01  0.6353913E+03
   04  0.1119541E-01  0.3609566E+00  0.5062849E+01  0.6350023E+03
   04  0.1119872E-01  0.3608036E+00  0.5057735E+01  0.6346142E+03
   04  0.1120203E-01  0.3606521E+00  0.5052667E+01  0.6342285E+03
   04  0.1120533E-01  0.3605015E+00  0.5047627E+01  0.6338442E+03
   04  0.1120864E-01  0.3603514E+00  0.5042597E+01  0.6334604E+03
   04  0.1121195E-01  0.3602016E+00  0.5037573E+01  0.6330767E+03
   04  0.1121526E-01  0.3600517E+00  0.5032551E+01  0.6326931E+03
   04  0.1121857E-01  0.3599019E+00  0.5027528E+01  0.6323095E+03
   04  0.1122187E-01  0.3597520E+00  0.5022503E+01  0.6319259E+03
   03  0.1122518E-01  0.3596973E+00  0.5018763E+01  0.6315439E+03
   03  0.1125826E-01  0.3581302E+00  0.4967487E+01  0.6276917E+03
   03  0.1129134E-01  0.3566249E+00  0.4917171E+01  0.6238524E+03
   03  0.1132442E-01  0.3551662E+00  0.4868100E+01  0.6200699E+03
   03  0.1135750E-01  0.3537516E+00  0.4820632E+01  0.6163800E+03
   03  0.1139058E-01  0.3523770E+00  0.4774647E+01  0.6127766E+03
   03  0.1142366E-01  0.3510330E+00  0.4729736E+01  0.6092341E+03
   03  0.1145673E-01  0.3497124E+00  0.4685574E+01  0.6057316E+03
   03  0.1148981E-01  0.3483945E+00  0.4641572E+01  0.6022395E+03
   03  0.1152289E-01  0.3470780E+00  0.4597697E+01  0.5987560E+03
   03  0.1155597E-01  0.3457688E+00  0.4554214E+01  0.5952985E+03
   03  0.1158953E-01  0.3444524E+00  0.4510699E+01  0.5918301E+03
   03  0.1162310E-01  0.3431468E+00  0.4467736E+01  0.5883987E+03
   03  0.1165666E-01  0.3418525E+00  0.4425346E+01  0.5850057E+03
   03  0.1169022E-01  0.3405716E+00  0.4383610E+01  0.5816562E+03
   03  0.1172379E-01  0.3393026E+00  0.4342466E+01  0.5783466E+03
   03  0.1175735E-01  0.3380421E+00  0.4301761E+01  0.5750670E+03
   03  0.1179091E-01  0.3367871E+00  0.4261361E+01  0.5718092E+03
   03  0.1182447E-01  0.3355347E+00  0.4221145E+01  0.5685654E+03
   03  0.1185804E-01  0.3342815E+00  0.4180962E+01  0.5653261E+03
   03  0.1189160E-01  0.3330285E+00  0.4140863E+01  0.5620944E+03
   03  0.1192516E-01  0.3317865E+00  0.4101296E+01  0.5588991E+03
   03  0.1195873E-01  0.3305619E+00  0.4062537E+01  0.5557576E+03
   03  0.1199278E-01  0.3293313E+00  0.4023785E+01  0.5526092E+03
   03  0.1202683E-01  0.3281064E+00  0.3985342E+01  0.5494828E+03
   03  0.1206089E-01  0.3268825E+00  0.3947011E+01  0.5463658E+03
   03  0.1209494E-01  0.3256612E+00  0.3908856E+01  0.5432624E+03
   03  0.1212899E-01  0.3244541E+00  0.3871368E+01  0.5402037E+03
   03  0.1216305E-01  0.3232677E+00  0.3834806E+01  0.5372063E+03
   03  0.1219710E-01  0.3220938E+00  0.3798823E+01  0.5342481E+03
   03  0.1223116E-01  0.3209255E+00  0.3763140E+01  0.5313113E+03
   03  0.1226521E-01  0.3197614E+00  0.3727681E+01  0.5283910E+03
   03  0.1229926E-01  0.3186039E+00  0.3692552E+01  0.5254943E+03
   03  0.1233332E-01  0.3174547E+00  0.3657816E+01  0.5226252E+03
   03  0.1236737E-01  0.3163115E+00  0.3623375E+01  0.5197775E+03
   03  0.1240190E-01  0.3151540E+00  0.3588566E+01  0.5169000E+03
   03  0.1243643E-01  0.3139925E+00  0.3553643E+01  0.5140181E+03
   03  0.1247096E-01  0.3128391E+00  0.3519101E+01  0.5111632E+03
   03  0.1250548E-01  0.3117132E+00  0.3485723E+01  0.5083850E+03
   03  0.1254001E-01  0.3106181E+00  0.3453641E+01  0.5056919E+03
   03  0.1257454E-01  0.3095416E+00  0.3422349E+01  0.5030518E+03
   03  0.1260907E-01  0.3084727E+00  0.3391401E+01  0.5004364E+03
   03  0.1264360E-01  0.3074052E+00  0.3360536E+01  0.4978292E+03
   03  0.1267813E-01  0.3063358E+00  0.3329624E+01  0.4952218E+03
   03  0.1271265E-01  0.3052706E+00  0.3298917E+01  0.4926302E+03
   03  0.1274718E-01  0.3042190E+00  0.3268787E+01  0.4900779E+03
   03  0.1278171E-01  0.3031781E+00  0.3239122E+01  0.4875576E+03
   03  0.1281672E-01  0.3021287E+00  0.3209313E+01  0.4850221E+03
   03  0.1285173E-01  0.3010941E+00  0.3180125E+01  0.4825285E+03
   03  0.1288674E-01  0.3000789E+00  0.3151744E+01  0.4800887E+03
   03  0.1292175E-01  0.2990772E+00  0.3123928E+01  0.4776872E+03
   03  0.1295676E-01  0.2980824E+00  0.3096413E+01  0.4753073E+03
   03  0.1299176E-01  0.2970855E+00  0.3068837E+01  0.4729261E+03
   03  0.1302677E-01  0.2960849E+00  0.3041146E+01  0.4705401E+03
   03  0.1306178E-01  0.2950918E+00  0.3013774E+01  0.4681768E+03
   03  0.1309679E-01  0.2941109E+00  0.2986913E+01  0.4658481E+03
   03  0.1313180E-01  0.2931365E+00  0.2960335E+01  0.4635398E+03
   03  0.1316681E-01  0.2921643E+00  0.2933868E+01  0.4612409E+03
   03  0.1320182E-01  0.2911842E+00  0.2907121E+01  0.4589265E+03
   03  0.1323731E-01  0.2901981E+00  0.2880322E+01  0.4566027E+03
   03  0.1327280E-01  0.2892420E+00  0.2854726E+01  0.4543573E+03
   03  0.1330829E-01  0.2883143E+00  0.2830258E+01  0.4521854E+03
   03  0.1334378E-01  0.2873979E+00  0.2806250E+01  0.4500450E+03
   03  0.1337928E-01  0.2864851E+00  0.2782399E+01  0.4479168E+03
   03  0.1341477E-01  0.2855651E+00  0.2758285E+01  0.4457743E+03
   03  0.1345026E-01  0.2846403E+00  0.2734006E+01  0.4436237E+03
   03  0.1348575E-01  0.2837296E+00  0.2710290E+01  0.4415109E+03
   03  0.1352124E-01  0.2828408E+00  0.2687440E+01  0.4394551E+03
   03  0.1355674E-01  0.2819627E+00  0.2665011E+01  0.4374281E+03
   03  0.1359223E-01  0.2810880E+00  0.2642735E+01  0.4354130E+03
   02  0.1362772E-01  0.2802387E+00  0.2622010E+01  0.4335014E+03
   02  0.1384358E-01  0.2751269E+00  0.2494944E+01  0.4218290E+03
   02  0.1405943E-01  0.2703384E+00  0.2380345E+01  0.4110273E+03
   02  0.1427806E-01  0.2659025E+00  0.2279783E+01  0.4011483E+03
   02  0.1449670E-01  0.2617927E+00  0.2191274E+01  0.3921037E+03
   02  0.1471804E-01  0.2580428E+00  0.2116423E+01  0.3839546E+03
   02  0.1493938E-01  0.2546495E+00  0.2054083E+01  0.3766699E+03
   02  0.1496969E-01  0.2542119E+00  0.2046469E+01  0.3757371E+03
