# gauge_id=     2 location=(   0.6000000E-01   0.3910000E+00 ) num_eqn=  1
# Columns: level time q(1 ... num_eqn)
   02  0.0000000E+00  0.1000000E+00
   02  0.8000000E-02  0.1000000E+00
   02  0.1600000E-01  0.1000000E+00
   02  0.2500000E-01  0.1000000E+00
   03  0.3400000E-01  0.1000000E+00
   03  0.3850000E-01  0.1000000E+00
   03  0.4300000E-01  0.1000000E+00
   03  0.4750000E-01  0.1000000E+00
   03  0.5200000E-01  0.1000000E+00
   03  0.5650000E-01  0.1000001E+00
   03  0.6100000E-01  0.1000010E+00
   03  0.6550000E-01  0.1000068E+00
   03  0.7000000E-01  0.1000359E+00
   03  0.7450000E-01  0.1001555E+00
   03  0.7900000E-01  0.1005762E+00
   03  0.8350000E-01  0.1018712E+00
   03  0.8800000E-01  0.1053998E+00
   03  0.9250000E-01  0.1139499E+00
   03  0.9700000E-01  0.1323416E+00
   03  0.1015000E+00  0.1672597E+00
   03  0.1060000E+00  0.2253939E+00
   03  0.1105000E+00  0.3099698E+00
   03  0.1150000E+00  0.4176472E+00
   03  0.1195000E+00  0.5382533E+00
   03  0.1240000E+00  0.6577757E+00
   03  0.1285000E+00  0.7624936E+00
   03  0.1330000E+00  0.8419659E+00
   03  0.1375000E+00  0.8915475E+00
   03  0.1420000E+00  0.9146981E+00
   03  0.1465000E+00  0.9210973E+00
   03  0.1510000E+00  0.9204801E+00
   03  0.1555000E+00  0.9184812E+00
   03  0.1600000E+00  0.9170466E+00
   03  0.1645000E+00  0.9163803E+00
   03  0.1690000E+00  0.9161861E+00
   03  0.1735000E+00  0.9161740E+00
