# gauge_id=     2 location=(   0.4500000E+00   0.6000000E+00   0.4000000E+00 ) num_eqn=  1
# Columns: level time q(1 ... num_eqn)
    2  0.0000000E+00  0.1000000E+01
    2  0.5000000E-02  0.1000000E+01
    2  0.1000000E-01  0.1000000E+01
    2  0.1563368E-01  0.1000000E+01
    2  0.2126737E-01  0.9998523E+00
    2  0.2690105E-01  0.9989030E+00
    2  0.3253473E-01  0.9948825E+00
    2  0.3816842E-01  0.9818070E+00
    2  0.4380210E-01  0.9468273E+00
    2  0.4690105E-01  0.9153171E+00
    2  0.5000000E-01  0.8748178E+00
    2  0.5563368E-01  0.7804012E+00
    2  0.6126737E-01  0.6622563E+00
    2  0.6690105E-01  0.5313370E+00
    2  0.7253473E-01  0.4020271E+00
    2  0.7816842E-01  0.2863697E+00
    2  0.8380210E-01  0.1915036E+00
    2  0.8943578E-01  0.1197233E+00
    2  0.9506947E-01  0.7001185E-01
    2  0.9753473E-01  0.5435409E-01
