# gauge_id= 1 location=(  0.1000000000E+01  0.1000000000E+01 ) num_var=  3
# level, time, q[  1  2  3], aux[]
   01  0.0000000E+00  0.0000000E+00  0.0000000E+00  0.0000000E+00
   01  0.1000000E-01  0.0000000E+00  0.0000000E+00  0.0000000E+00
   01  0.1000000E+00  0.0000000E+00  0.0000000E+00  0.0000000E+00
   01  0.2000000E+00  0.0000000E+00  0.0000000E+00  0.0000000E+00
   01  0.3000000E+00  0.0000000E+00  0.0000000E+00  0.0000000E+00
   01  0.4000000E+00  0.0000000E+00  0.0000000E+00  0.0000000E+00
   01  0.5000000E+00  0.0000000E+00  0.0000000E+00  0.0000000E+00
   01  0.6000000E+00  0.0000000E+00  0.0000000E+00  0.0000000E+00
   01  0.7000000E+00  0.0000000E+00  0.0000000E+00  0.0000000E+00
   01  0.8000000E+00  0.2760737E-03  0.5466544E-03 -0.9794681E-04
   01  0.9000000E+00  0.7798128E-02  0.1549124E-01 -0.2874283E-02
   01  0.1000000E+01  0.4253842E-01  0.8532944E-01 -0.1864208E-01
   01  0.1100000E+01  0.9572189E-01  0.1946275E+00 -0.4571767E-01
   01  0.1200000E+01  0.1081591E+00  0.2267760E+00 -0.5798606E-01
   01  0.1300000E+01  0.5603161E-01  0.1305600E+00 -0.3628976E-01
   01  0.1400000E+01 -0.1688025E-01 -0.9033245E-02  0.4996010E-02
   01  0.1500000E+01 -0.5694329E-01 -0.9109413E-01  0.2765112E-01
   01  0.1600000E+01 -0.5037426E-01 -0.8148358E-01  0.2111289E-01
   01  0.1700000E+01 -0.2574302E-01 -0.4568063E-01  0.1437001E-02
   01  0.1800000E+01  0.2403642E-02 -0.1288629E-02 -0.2795685E-01
   01  0.1900000E+01  0.3058065E-01  0.3518809E-01 -0.6727773E-01
   01  0.2000000E+01  0.5223110E-01  0.6504787E-01 -0.1023319E+00
   01  0.2100000E+01  0.5406218E-01  0.6889084E-01 -0.1055038E+00
   01  0.2200000E+01  0.3081946E-01  0.4394866E-01 -0.6816747E-01
   01  0.2300000E+01 -0.9294217E-02 -0.4974588E-02 -0.1091555E-02
   01  0.2400000E+01 -0.4242270E-01 -0.4546523E-01  0.5502777E-01
   01  0.2500000E+01 -0.4973176E-01 -0.5387501E-01  0.6718338E-01
   01  0.2600000E+01 -0.3668616E-01 -0.3883395E-01  0.4912188E-01
   01  0.2700000E+01 -0.1886133E-01 -0.1699602E-01  0.2174674E-01
   01  0.2800000E+01 -0.8093110E-02 -0.4818095E-02  0.5499974E-02
   01  0.2900000E+01 -0.6283232E-02 -0.3557393E-02  0.3578589E-02
