# gauge_id= 2 location=(  0.3500000000E+01  0.5000000000E+00 ) num_var=  3
# level, time, q[  1  2  3], aux[]
   01  0.0000000E+00  0.2000000E+01  0.0000000E+00  0.0000000E+00
   01  0.1000000E-01  0.1836806E+01 -0.8159722E-01 -0.8159722E-01
   01  0.1000000E+00  0.6556098E+00 -0.5777976E+00 -0.5777976E+00
   01  0.2000000E+00 -0.3333724E+00 -0.1350026E+00 -0.1350026E+00
   01  0.3000000E+00 -0.4220935E+00  0.7544571E-01  0.7544571E-01
   01  0.4000000E+00 -0.2154609E+00  0.6416263E-01  0.6416263E-01
   01  0.5000000E+00 -0.7851432E-01  0.2017224E-01  0.2017224E-01
   01  0.6000000E+00 -0.4647246E-01 -0.1846660E-02 -0.1846660E-02
   01  0.7000000E+00 -0.3939681E-01  0.4768933E-02  0.4768933E-02
   01  0.8000000E+00 -0.3303890E-01 -0.1044828E-05 -0.4098926E-05
   01  0.9000000E+00 -0.2477701E-01  0.4171754E-02  0.4295771E-02
   01  0.1000000E+01 -0.1995868E-01 -0.3956283E-03 -0.1363442E-03
   01  0.1100000E+01 -0.1145170E-01  0.1984437E-02 -0.6650310E-02
   01  0.1200000E+01  0.1876902E-01 -0.1582992E-02 -0.6737595E-01
   01  0.1300000E+01  0.7378219E-01 -0.2507253E-02 -0.1762533E+00
   01  0.1400000E+01  0.9191818E-01 -0.4600655E-02 -0.2149472E+00
   01  0.1500000E+01  0.5024811E-01 -0.2609537E-02 -0.1347178E+00
   01  0.1600000E+01 -0.1650234E-01 -0.9916796E-04  0.2210050E-04
   01  0.1700000E+01 -0.5584905E-01  0.2328520E-02  0.8020694E-01
   01  0.1800000E+01 -0.4924992E-01  0.2577171E-02  0.7394299E-01
   01  0.1900000E+01 -0.3546961E-01  0.8479321E-03  0.5085276E-01
   01  0.2000000E+01 -0.2285362E-01  0.5402413E-03  0.2764016E-01
   01  0.2100000E+01 -0.1625642E-01  0.3043356E-03  0.1679297E-01
   01  0.2200000E+01 -0.1401805E-01  0.3035038E-03  0.1328312E-01
   01  0.2300000E+01 -0.1173116E-01  0.3272719E-03  0.1069385E-01
   01  0.2400000E+01 -0.1015443E-01  0.2305354E-03  0.8331194E-02
   01  0.2500000E+01 -0.8742170E-02  0.1537792E-03  0.6759043E-02
   01  0.2600000E+01 -0.7759197E-02  0.1173129E-03  0.5430830E-02
   01  0.2700000E+01 -0.7011258E-02  0.8857544E-04  0.4506472E-02
   01  0.2800000E+01 -0.6384942E-02  0.9109711E-04  0.3828327E-02
   01  0.2900000E+01 -0.5883868E-02  0.6845996E-04  0.3257619E-02
