# gauge_id= 2 location=(  0.4949747468E+00  0.4949747468E+00 ) num_var=  3
# level, time, q[  1  2  3], aux[]
   01  0.0000000E+00  0.1591803E-01  0.0000000E+00  0.0000000E+00
   01  0.1000000E-01  0.3937197E-01  0.1140435E-01  0.1140435E-01
   01  0.2800000E-01  0.1756315E+00  0.6289077E-01  0.6289077E-01
   01  0.4600000E-01  0.3979269E+00  0.1441616E+00  0.1441611E+00
   01  0.6400000E-01  0.6289233E+00  0.2308928E+00  0.2308866E+00
   01  0.8200000E-01  0.7917675E+00  0.2951954E+00  0.2952670E+00
   01  0.1000000E+00  0.8321415E+00  0.3159597E+00  0.3166617E+00
   01  0.1180000E+00  0.7563446E+00  0.2952573E+00  0.2973830E+00
   01  0.1360000E+00  0.5865267E+00  0.2409570E+00  0.2426112E+00
   01  0.1540000E+00  0.3694451E+00  0.1683327E+00  0.1684688E+00
   01  0.1720000E+00  0.1742014E+00  0.1019187E+00  0.1007377E+00
   01  0.1900000E+00  0.5268770E-01  0.5984496E-01  0.5808577E-01
