# gauge_id=     1 location=(   0.7000000E+00   0.0000000E+00 ) num_eqn=  3
# Columns: level time q(1 ... num_eqn)
   03  0.0000000E+00  0.1530270E-02  0.0000000E+00  0.0000000E+00
   03  0.2500000E-02  0.3389274E-02  0.1488625E-02  0.6564505E-20
   03  0.5000000E-02  0.7782912E-02  0.3853952E-02  0.2075231E-19
   03  0.7500000E-02  0.1494704E-01  0.7501528E-02  0.4319868E-19
   03  0.1000000E-01  0.2507086E-01  0.1261683E-01  0.8131516E-19
   03  0.1450000E-01  0.5081683E-01  0.2562081E-01  0.1558541E-18
   03  0.1900000E-01  0.8503903E-01  0.4295102E-01  0.2913793E-18
   03  0.2350000E-01  0.1265908E+00  0.6408780E-01  0.4065758E-18
   03  0.2800000E-01  0.1745795E+00  0.8856866E-01  0.5963112E-18
   03  0.3250000E-01  0.2279114E+00  0.1159076E+00  0.7589415E-18
   03  0.3700000E-01  0.2854601E+00  0.1454662E+00  0.8944668E-18
   03  0.4150000E-01  0.3459104E+00  0.1766470E+00 -0.3577867E-17
   03  0.4600000E-01  0.4078325E+00  0.2088320E+00 -0.2520770E-16
   03  0.5050000E-01  0.4699362E+00  0.2413402E+00 -0.1534146E-15
   03  0.5500000E-01  0.5309843E+00  0.2734700E+00 -0.3467821E-15
   03  0.5950000E-01  0.5896669E+00  0.3046011E+00  0.4923362E-15
   03  0.6400000E-01  0.6448639E+00  0.3340773E+00  0.8096930E-14
   03  0.6850000E-01  0.6953803E+00  0.3613726E+00  0.3851822E-12
   03  0.7300000E-01  0.7400581E+00  0.3860089E+00 -0.2353131E-10
   03  0.7750000E-01  0.7780768E+00  0.4074597E+00  0.4427735E-09
   03  0.8200000E-01  0.8090812E+00  0.4254694E+00 -0.4504734E-08
   03  0.8650000E-01  0.8325861E+00  0.4397943E+00  0.2489246E-07
   03  0.9100000E-01  0.8475417E+00  0.4498865E+00 -0.4954316E-07
   03  0.9550000E-01  0.8519520E+00  0.4547465E+00 -0.1257756E-06
   03  0.1000000E+00  0.8468650E+00  0.4548133E+00  0.3426681E-06
   03  0.1045000E+00  0.8360346E+00  0.4519377E+00  0.1563157E-05
   03  0.1090000E+00  0.8195525E+00  0.4462434E+00 -0.1141723E-05
   03  0.1135000E+00  0.7945986E+00  0.4362872E+00 -0.6489831E-05
   03  0.1180000E+00  0.7609414E+00  0.4218794E+00 -0.2345041E-04
   03  0.1225000E+00  0.7202687E+00  0.4038282E+00 -0.5565717E-04
   03  0.1270000E+00  0.6743347E+00  0.3829893E+00 -0.8980372E-04
   03  0.1315000E+00  0.6242608E+00  0.3599160E+00 -0.9733234E-04
   03  0.1360000E+00  0.5708701E+00  0.3350169E+00 -0.9080028E-04
   03  0.1405000E+00  0.5150661E+00  0.3087506E+00 -0.1215573E-03
   03  0.1450000E+00  0.4580296E+00  0.2816792E+00 -0.1492119E-03
   03  0.1495000E+00  0.4011378E+00  0.2543956E+00 -0.9038192E-04
   03  0.1540000E+00  0.3454311E+00  0.2274587E+00  0.5247940E-05
   03  0.1585000E+00  0.2915456E+00  0.2013769E+00 -0.5561261E-06
   03  0.1630000E+00  0.2403131E+00  0.1766188E+00 -0.1642506E-03
   03  0.1675000E+00  0.1929613E+00  0.1536641E+00 -0.4131444E-03
   03  0.1720000E+00  0.1506867E+00  0.1329738E+00 -0.5650929E-03
   03  0.1765000E+00  0.1140229E+00  0.1148662E+00 -0.4813493E-03
   03  0.1810000E+00  0.8307777E-01  0.9954636E-01 -0.1626304E-03
   03  0.1855000E+00  0.5782448E-01  0.8708797E-01  0.2631905E-03
   03  0.1900000E+00  0.3971416E-01  0.7814213E-01  0.6119285E-03
   03  0.1925000E+00  0.3356848E-01  0.7507359E-01  0.7153907E-03
   03  0.1950000E+00  0.3008312E-01  0.7329647E-01  0.7462819E-03
   03  0.1975000E+00  0.2840056E-01  0.7238463E-01  0.7182202E-03
