# gauge_id= 0 location=(  0.0000000000E+00  0.0000000000E+00 ) num_var=  3
# level, time, q[  1  2  3], aux[]
   02  0.0000000E+00  0.0000000E+00  0.0000000E+00  0.0000000E+00
   02  0.5000000E-02  0.0000000E+00  0.0000000E+00  0.0000000E+00
   02  0.1000000E-01  0.0000000E+00  0.0000000E+00  0.0000000E+00
   02  0.1900000E-01  0.0000000E+00  0.0000000E+00  0.0000000E+00
   03  0.2800000E-01  0.0000000E+00  0.0000000E+00  0.0000000E+00
   03  0.3250000E-01  0.0000000E+00  0.0000000E+00  0.0000000E+00
   03  0.3700000E-01  0.0000000E+00  0.0000000E+00  0.0000000E+00
   03  0.4150000E-01  0.0000000E+00  0.0000000E+00  0.0000000E+00
   03  0.4600000E-01  0.0000000E+00  0.0000000E+00  0.0000000E+00
   03  0.5050000E-01  0.0000000E+00  0.0000000E+00  0.0000000E+00
   03  0.5500000E-01  0.0000000E+00  0.0000000E+00  0.0000000E+00
   03  0.5950000E-01  0.0000000E+00  0.0000000E+00  0.0000000E+00
   03  0.6400000E-01  0.0000000E+00  0.0000000E+00  0.0000000E+00
   03  0.6850000E-01  0.0000000E+00  0.0000000E+00  0.0000000E+00
   03  0.7300000E-01  0.0000000E+00  0.0000000E+00  0.0000000E+00
   03  0.7750000E-01  0.0000000E+00  0.0000000E+00  0.0000000E+00
   03  0.8200000E-01  0.0000000E+00  0.0000000E+00  0.0000000E+00
   03  0.8650000E-01  0.0000000E+00  0.0000000E+00  0.0000000E+00
   03  0.9100000E-01  0.5457531E-13  0.3510431E-28  0.9545217E-28
   03  0.9550000E-01  0.3014093E-11  0.6815758E-27  0.4038968E-26
   03  0.1000000E+00  0.1296075E-09 -0.1615587E-26  0.9693523E-25
   03  0.1045000E+00  0.2584590E-08 -0.3101927E-24  0.1214922E-23
   03  0.1090000E+00  0.3914902E-07 -0.8271806E-23  0.1282130E-22
   03  0.1135000E+00  0.3922314E-06 -0.9595295E-22  0.1356576E-21
   03  0.1180000E+00  0.3895977E-05 -0.1376429E-20 -0.1090555E-19
   03  0.1225000E+00  0.2550519E-04 -0.1185846E-19 -0.7411538E-19
   03  0.1270000E+00  0.1640497E-03 -0.6437450E-19 -0.4167402E-18
   03  0.1315000E+00  0.8245422E-03 -0.2879912E-18 -0.1653408E-17
   03  0.1360000E+00  0.3077071E-02 -0.1002887E-17 -0.5285486E-17
   03  0.1405000E+00  0.9754356E-02 -0.3469447E-17 -0.1832302E-16
   03  0.1450000E+00  0.2776907E-01 -0.9432559E-17 -0.5724587E-16
   03  0.1495000E+00  0.7087632E-01 -0.2059984E-16 -0.1431147E-15
   03  0.1540000E+00  0.1598826E+00 -0.5160802E-16 -0.2784231E-15
   03  0.1585000E+00  0.3159271E+00 -0.8153200E-16 -0.4258746E-15
   03  0.1630000E+00  0.5453255E+00 -0.1110223E-15 -0.5412337E-15
   03  0.1675000E+00  0.8344281E+00 -0.1214306E-15 -0.6383782E-15
   03  0.1720000E+00  0.1163950E+01  0.3278627E-15 -0.7233797E-15
   03  0.1765000E+00  0.1522102E+01  0.3139849E-15 -0.7997075E-15
   03  0.1810000E+00  0.1902145E+01  0.3330669E-15 -0.7684825E-15
   03  0.1855000E+00  0.2294317E+01  0.3226586E-15 -0.6591949E-15
   03  0.1900000E+00  0.2687544E+01 -0.2029626E-15 -0.5273559E-15
   03  0.1925000E+00  0.2902950E+01 -0.2237793E-15 -0.4215378E-15
   03  0.1950000E+00  0.3113810E+01 -0.1769418E-15 -0.2740863E-15
   03  0.1975000E+00  0.3317478E+01 -0.1630640E-15 -0.1214306E-15
