# gauge_id=     0 location=(   0.2000000E+00 ) num_eqn=  1
# Columns: level time q(1 ... num_eqn)
   01  0.0000000E+00  0.1000000E+01
   01  0.1000000E-01  0.1000000E+01
   02  0.3250000E-01  0.1000000E+01
   02  0.4375000E-01  0.1000000E+01
   03  0.5500000E-01  0.1000000E+01
   03  0.6062500E-01  0.1000000E+01
   03  0.6625000E-01  0.1000000E+01
   03  0.7187500E-01  0.1000000E+01
   03  0.7750000E-01  0.9998979E+00
   03  0.8312500E-01  0.9967687E+00
   03  0.8875000E-01  0.9657486E+00
   03  0.9437500E-01  0.8157874E+00
   03  0.1000000E+00  0.5099376E+00
   03  0.1056250E+00  0.1910945E+00
   03  0.1112500E+00  0.2986231E-01
   03  0.1168750E+00  0.9882295E-03
   03  0.1225000E+00  0.3019208E-04
   03  0.1281250E+00  0.8805238E-06
   03  0.1337500E+00  0.2461374E-07
   03  0.1393750E+00  0.6577710E-09
   03  0.1450000E+00  0.1691922E-10
   03  0.1506250E+00  0.5693687E-12
   03  0.1562500E+00  0.3947620E-12
   03  0.1618750E+00  0.5240236E-12
   02  0.1675000E+00  0.6825813E-12
   02  0.1787500E+00  0.1779429E-10
   02  0.1900000E+00  0.3058007E-09
   02  0.1950000E+00  0.1592889E-08
