# gauge_id=     2 location=(  0.2000000000E+00  0.8000000000E+00 ) num_var=  1
# level, time, q[  1], aux[]
   01  0.0000000E+00  0.1000000E+00
   01  0.1600000E-01  0.1000000E+00
   01  0.3400000E-01  0.1000000E+00
   01  0.5200000E-01  0.1000000E+00
   02  0.7000000E-01  0.1000000E+00
   02  0.7900000E-01  0.1000000E+00
   02  0.8800000E-01  0.1000000E+00
   02  0.9700000E-01  0.1000000E+00
   02  0.1060000E+00  0.1000000E+00
   02  0.1150000E+00  0.1000000E+00
   02  0.1240000E+00  0.1000000E+00
   02  0.1330000E+00  0.1000000E+00
   02  0.1420000E+00  0.1000000E+00
   02  0.1510000E+00  0.1000000E+00
   02  0.1600000E+00  0.1000000E+00
   02  0.1690000E+00  0.1000000E+00
   02  0.1780000E+00  0.1025904E+00
   02  0.1870000E+00  0.1438362E+00
   02  0.1960000E+00  0.2672631E+00
   02  0.2050000E+00  0.3567026E+00
   02  0.2140000E+00  0.3222721E+00
   02  0.2230000E+00  0.2357051E+00
   02  0.2320000E+00  0.1696756E+00
   02  0.2410000E+00  0.1317749E+00
   02  0.2500000E+00  0.1131165E+00
   02  0.2590000E+00  0.1049792E+00
   02  0.2680000E+00  0.1017527E+00
   02  0.2770000E+00  0.1005750E+00
   02  0.2860000E+00  0.1001767E+00
   02  0.2950000E+00  0.1000511E+00
   02  0.3040000E+00  0.1000140E+00
   02  0.3130000E+00  0.1000036E+00
   02  0.3220000E+00  0.1000009E+00
   02  0.3310000E+00  0.1000002E+00
   02  0.3400000E+00  0.1000000E+00
   02  0.3490000E+00  0.1000000E+00
   02  0.3580000E+00  0.1000000E+00
   02  0.3670000E+00  0.1000000E+00
   02  0.3760000E+00  0.1000000E+00
   02  0.3850000E+00  0.1000000E+00
   02  0.3940000E+00  0.1000000E+00
   02  0.3970000E+00  0.1000000E+00
