# gauge_id= 0 location=(  -0.1000000E+01 ) num_eqn=  2
# Columns: level time q(1 ... num_eqn)
   01  0.0000000E+00  0.2447933E-16  0.0000000E+00
   01  0.1000000E+00  0.4812488E-09  0.4812488E-09
   02  0.3400000E+00  0.1043464E-04  0.1043464E-04
   02  0.3800000E+00  0.1869807E-04  0.1869807E-04
   02  0.4200000E+00  0.2608507E-04  0.2608507E-04
   02  0.4600000E+00  0.3134879E-04  0.3134879E-04
   02  0.5000000E+00  0.4633320E-04  0.4633320E-04
   02  0.5600000E+00  0.2272101E-03  0.2272101E-03
   03  0.6200000E+00  0.1045580E-02  0.1045580E-02
   03  0.6350000E+00  0.1594937E-02  0.1594937E-02
   03  0.6500000E+00  0.2137035E-02  0.2137035E-02
   03  0.6650000E+00  0.2650485E-02  0.2650485E-02
   03  0.6800000E+00  0.4385393E-02  0.4385393E-02
   03  0.6950000E+00  0.6975041E-02  0.6975041E-02
   03  0.7100000E+00  0.9208903E-02  0.9208903E-02
   03  0.7250000E+00  0.1111184E-01  0.1111184E-01
   03  0.7400000E+00  0.1381659E-01  0.1381659E-01
   03  0.7550000E+00  0.2187185E-01  0.2187185E-01
   03  0.7700000E+00  0.3424761E-01  0.3424761E-01
   03  0.7850000E+00  0.4989686E-01  0.4989686E-01
   03  0.8000000E+00  0.6883429E-01  0.6883429E-01
   03  0.8150000E+00  0.9176607E-01  0.9176607E-01
   03  0.8300000E+00  0.1193241E+00  0.1193241E+00
   03  0.8450000E+00  0.1517418E+00  0.1517418E+00
   03  0.8600000E+00  0.1887642E+00  0.1887642E+00
   03  0.8750000E+00  0.2296320E+00  0.2296320E+00
   03  0.8900000E+00  0.2731432E+00  0.2731432E+00
   03  0.9050000E+00  0.3178690E+00  0.3178690E+00
   03  0.9200000E+00  0.3622477E+00  0.3622477E+00
   03  0.9350000E+00  0.4044808E+00  0.4044808E+00
   03  0.9500000E+00  0.4423982E+00  0.4423982E+00
   03  0.9650000E+00  0.4718235E+00  0.4718235E+00
   03  0.9800000E+00  0.4864470E+00  0.4864470E+00
   03  0.9812500E+00  0.4868610E+00  0.4868610E+00
   03  0.9825000E+00  0.4872147E+00  0.4872147E+00
   03  0.9837500E+00  0.4875167E+00  0.4875167E+00
   03  0.9850000E+00  0.4877744E+00  0.4877744E+00
   03  0.9862500E+00  0.4879941E+00  0.4879941E+00
   03  0.9875000E+00  0.4881813E+00  0.4881813E+00
   03  0.9887500E+00  0.4883403E+00  0.4883403E+00
   03  0.9900000E+00  0.4884749E+00  0.4884749E+00
   03  0.9912500E+00  0.4885884E+00  0.4885884E+00
   03  0.9925000E+00  0.4886834E+00  0.4886834E+00
   03  0.9937500E+00  0.4887620E+00  0.4887620E+00
   03  0.9950000E+00  0.4888262E+00  0.4888262E+00
   03  0.9962500E+00  0.4888773E+00  0.4888773E+00
   03  0.9975000E+00  0.4889165E+00  0.4889165E+00
   03  0.9987500E+00  0.4889448E+00  0.4889448E+00
   03  0.1000000E+01  0.4889628E+00  0.4889628E+00
   03  0.1015000E+01  0.4865146E+00  0.4865146E+00
   03  0.1030000E+01  0.4755347E+00  0.4755347E+00
   03  0.1045000E+01  0.4528455E+00  0.4528455E+00
   03  0.1060000E+01  0.4196085E+00  0.4196085E+00
   03  0.1075000E+01  0.3791058E+00  0.3791058E+00
   03  0.1090000E+01  0.3347412E+00  0.3347412E+00
   03  0.1105000E+01  0.2893222E+00  0.2893222E+00
   03  0.1120000E+01  0.2448535E+00  0.2448535E+00
   03  0.1135000E+01  0.2027752E+00  0.2027752E+00
   03  0.1150000E+01  0.1641878E+00  0.1641878E+00
   03  0.1165000E+01  0.1299024E+00  0.1299024E+00
   03  0.1180000E+01  0.1003964E+00  0.1003964E+00
   03  0.1195000E+01  0.7578765E-01  0.7578765E-01
   03  0.1210000E+01  0.5587477E-01  0.5587477E-01
   03  0.1225000E+01  0.4022344E-01  0.4022344E-01
   03  0.1240000E+01  0.2826450E-01  0.2826450E-01
   03  0.1255000E+01  0.1937815E-01  0.1937815E-01
   03  0.1270000E+01  0.1295624E-01  0.1295624E-01
   03  0.1285000E+01  0.8443391E-02  0.8443391E-02
   03  0.1300000E+01  0.5360549E-02  0.5360549E-02
   03  0.1315000E+01  0.3314289E-02  0.3314289E-02
   03  0.1330000E+01  0.1993518E-02  0.1993518E-02
   03  0.1345000E+01  0.1163509E-02  0.1163509E-02
   03  0.1360000E+01  0.6333006E-03  0.6333006E-03
   03  0.1375000E+01  0.3162119E-03  0.3162119E-03
   03  0.1390000E+01  0.1690662E-03  0.1690662E-03
   03  0.1405000E+01  0.1100075E-03  0.1100075E-03
   03  0.1420000E+01  0.6290583E-04  0.6290583E-04
   03  0.1435000E+01  0.2465130E-04  0.2465130E-04
   03  0.1450000E+01  0.9676816E-05  0.9676816E-05
   03  0.1465000E+01  0.5807238E-05  0.5807238E-05
   02  0.1480000E+01  0.1036261E-04  0.1036261E-04
   02  0.1485000E+01  0.8765072E-05  0.8765072E-05
   02  0.1490000E+01  0.7414464E-05  0.7414464E-05
   02  0.1495000E+01  0.6272562E-05  0.6272562E-05
   02  0.1500000E+01  0.5307064E-05  0.5307064E-05
   02  0.1560000E+01  0.1329859E-06  0.1329859E-06
   02  0.1620000E+01  0.1065069E-07  0.1065174E-07
   02  0.1680000E+01  0.3352309E-08  0.3354170E-08
   02  0.1740000E+01  0.4942662E-09  0.4888956E-09
   02  0.1800000E+01 -0.1964196E-09  0.2291507E-09
   02  0.1860000E+01 -0.1894833E-08  0.1895769E-08
   02  0.1920000E+01 -0.1311928E-08  0.1311954E-08
   02  0.1980000E+01  0.7192684E-08 -0.7192683E-08
   02  0.1985000E+01 -0.1219116E-08  0.1219116E-08
   02  0.1990000E+01 -0.9729130E-08  0.9729130E-08
   02  0.1995000E+01 -0.1817405E-07  0.1817405E-07
   02  0.2000000E+01 -0.2720162E-07  0.2720162E-07
   02  0.2060000E+01  0.1639193E-07 -0.1639193E-07
   02  0.2120000E+01  0.3405177E-06 -0.3405117E-06
   02  0.2180000E+01  0.1203861E-05 -0.1203853E-05
   02  0.2240000E+01  0.1765950E-05 -0.1765949E-05
   02  0.2300000E+01  0.1150166E-05 -0.1150170E-05
   02  0.2360000E+01 -0.2227733E-05  0.2227729E-05
   02  0.2420000E+01 -0.9733471E-06  0.9733451E-06
   02  0.2480000E+01  0.3704765E-04 -0.3704765E-04
   02  0.2485000E+01  0.4053577E-04 -0.4053577E-04
   02  0.2490000E+01  0.4431106E-04 -0.4431106E-04
   02  0.2495000E+01  0.4839627E-04 -0.4839627E-04
   02  0.2500000E+01  0.5291854E-04 -0.5291854E-04
   02  0.2560000E+01  0.2573343E-03 -0.2573343E-03
   03  0.2620000E+01  0.8234504E-03 -0.8234504E-03
   03  0.2635000E+01  0.1123101E-02 -0.1123101E-02
   03  0.2650000E+01  0.1414212E-02 -0.1414212E-02
   03  0.2665000E+01  0.1684191E-02 -0.1684191E-02
   03  0.2680000E+01  0.2330015E-02 -0.2330015E-02
   03  0.2695000E+01  0.3226264E-02 -0.3226264E-02
   03  0.2710000E+01  0.3986917E-02 -0.3986917E-02
   03  0.2725000E+01  0.4642423E-02 -0.4642423E-02
   03  0.2740000E+01  0.5271133E-02 -0.5271133E-02
   03  0.2755000E+01  0.7399648E-02 -0.7399648E-02
   03  0.2770000E+01  0.1135946E-01 -0.1135946E-01
   03  0.2785000E+01  0.1727110E-01 -0.1727110E-01
   03  0.2800000E+01  0.2483243E-01 -0.2483243E-01
   03  0.2815000E+01  0.3371196E-01 -0.3371196E-01
   03  0.2830000E+01  0.4379939E-01 -0.4379939E-01
   03  0.2845000E+01  0.5516576E-01 -0.5516576E-01
   03  0.2860000E+01  0.6786768E-01 -0.6786768E-01
   03  0.2875000E+01  0.8179921E-01 -0.8179921E-01
   03  0.2890000E+01  0.9665562E-01 -0.9665562E-01
   03  0.2905000E+01  0.1119555E+00 -0.1119555E+00
   03  0.2920000E+01  0.1269431E+00 -0.1269431E+00
   03  0.2935000E+01  0.1405975E+00 -0.1405975E+00
   03  0.2950000E+01  0.1518800E+00 -0.1518800E+00
   03  0.2965000E+01  0.1590771E+00 -0.1590771E+00
   03  0.2980000E+01  0.1616551E+00 -0.1616551E+00
   03  0.2981250E+01  0.1616763E+00 -0.1616763E+00
   03  0.2982500E+01  0.1616941E+00 -0.1616941E+00
   03  0.2983750E+01  0.1617089E+00 -0.1617089E+00
   03  0.2985000E+01  0.1617212E+00 -0.1617212E+00
   03  0.2986250E+01  0.1617311E+00 -0.1617311E+00
   03  0.2987500E+01  0.1617390E+00 -0.1617390E+00
   03  0.2988750E+01  0.1617450E+00 -0.1617450E+00
   03  0.2990000E+01  0.1617492E+00 -0.1617492E+00
   03  0.2991250E+01  0.1617518E+00 -0.1617518E+00
   03  0.2992500E+01  0.1617527E+00 -0.1617527E+00
   03  0.2993750E+01  0.1617519E+00 -0.1617519E+00
   03  0.2995000E+01  0.1617496E+00 -0.1617496E+00
   03  0.2996250E+01  0.1617456E+00 -0.1617456E+00
   03  0.2997500E+01  0.1617398E+00 -0.1617398E+00
   03  0.2998750E+01  0.1617311E+00 -0.1617311E+00
   03  0.3000000E+01  0.1617143E+00 -0.1617143E+00
   03  0.3015000E+01  0.1603772E+00 -0.1603772E+00
   03  0.3030000E+01  0.1560456E+00 -0.1560456E+00
   03  0.3045000E+01  0.1479307E+00 -0.1479307E+00
   03  0.3060000E+01  0.1364678E+00 -0.1364678E+00
   03  0.3075000E+01  0.1225236E+00 -0.1225236E+00
   03  0.3090000E+01  0.1072047E+00 -0.1072047E+00
   03  0.3105000E+01  0.9156640E-01 -0.9156640E-01
   03  0.3120000E+01  0.7644796E-01 -0.7644796E-01
   03  0.3135000E+01  0.6243440E-01 -0.6243440E-01
   03  0.3150000E+01  0.4988376E-01 -0.4988376E-01
   03  0.3165000E+01  0.3897536E-01 -0.3897536E-01
   03  0.3180000E+01  0.2975576E-01 -0.2975576E-01
   03  0.3195000E+01  0.2217462E-01 -0.2217462E-01
   03  0.3210000E+01  0.1611207E-01 -0.1611207E-01
   03  0.3225000E+01  0.1140142E-01 -0.1140142E-01
   03  0.3240000E+01  0.7849369E-02 -0.7849369E-02
   03  0.3255000E+01  0.5253101E-02 -0.5253101E-02
   03  0.3270000E+01  0.3411915E-02 -0.3411915E-02
   03  0.3285000E+01  0.2141442E-02 -0.2141442E-02
   03  0.3300000E+01  0.1260261E-02 -0.1260261E-02
   03  0.3315000E+01  0.7319470E-03 -0.7319470E-03
   03  0.3330000E+01  0.4788481E-03 -0.4788481E-03
   03  0.3345000E+01  0.3243093E-03 -0.3243093E-03
   03  0.3360000E+01  0.1459607E-03 -0.1459607E-03
   03  0.3375000E+01  0.3241991E-04 -0.3241991E-04
   03  0.3390000E+01  0.1613013E-04 -0.1613013E-04
   03  0.3405000E+01  0.6951538E-05 -0.6951538E-05
   03  0.3420000E+01 -0.1638590E-05  0.1638590E-05
   03  0.3435000E+01 -0.5857856E-05  0.5857856E-05
   03  0.3450000E+01 -0.5872528E-05  0.5872528E-05
   03  0.3465000E+01 -0.5649870E-05  0.5649870E-05
   02  0.3480000E+01 -0.5443499E-05  0.5443499E-05
   02  0.3485000E+01 -0.5367512E-05  0.5367512E-05
   02  0.3490000E+01 -0.5271554E-05  0.5271554E-05
   02  0.3495000E+01 -0.5161378E-05  0.5161378E-05
   02  0.3500000E+01 -0.5038679E-05  0.5038679E-05
   02  0.3560000E+01 -0.3098484E-05  0.3098484E-05
   02  0.3620000E+01 -0.8946605E-06  0.8946605E-06
   02  0.3680000E+01 -0.5814629E-07  0.5814629E-07
   02  0.3740000E+01 -0.1383654E-08  0.1383654E-08
   02  0.3800000E+01  0.3859908E-11 -0.3859908E-11
   02  0.3860000E+01  0.1723167E-10 -0.1723167E-10
   02  0.3920000E+01  0.6492241E-11 -0.6492245E-11
   02  0.3980000E+01  0.8876313E-12 -0.8876423E-12
   02  0.3985000E+01  0.8089395E-12 -0.8089508E-12
   02  0.3990000E+01  0.7454630E-12 -0.7454745E-12
   02  0.3995000E+01  0.6940700E-12 -0.6940817E-12
   02  0.4000000E+01  0.6527426E-12 -0.6527543E-12
   02  0.4060000E+01  0.4814827E-12 -0.4814906E-12
   02  0.4120000E+01  0.5761103E-12 -0.5761078E-12
   02  0.4180000E+01  0.3379355E-12 -0.3379304E-12
   02  0.4240000E+01 -0.1334320E-12  0.1334165E-12
   02  0.4300000E+01 -0.4669838E-12  0.4669242E-12
   02  0.4360000E+01 -0.5046670E-12  0.5045581E-12
   02  0.4420000E+01 -0.3983950E-12  0.3982859E-12
   02  0.4480000E+01 -0.2741811E-12  0.2743281E-12
   02  0.4485000E+01 -0.2668985E-12  0.2671109E-12
   02  0.4490000E+01 -0.2601052E-12  0.2603893E-12
   02  0.4495000E+01 -0.2537863E-12  0.2541477E-12
   02  0.4500000E+01 -0.2479200E-12  0.2483643E-12
   02  0.4560000E+01 -0.2003876E-12  0.2020902E-12
   02  0.4620000E+01 -0.1779099E-12  0.1808320E-12
   02  0.4680000E+01 -0.1393110E-12  0.1424746E-12
   01  0.4740000E+01 -0.1228104E-12  0.6934879E-13
   01  0.4980000E+01  0.7284580E-11  0.7306885E-11
   01  0.5000000E+01 -0.3914361E-11 -0.3895254E-11
   01  0.5240000E+01 -0.4242315E-08 -0.4242315E-08
   01  0.5480000E+01 -0.3817810E-07 -0.3817810E-07
   01  0.5500000E+01 -0.4038679E-07 -0.4038679E-07
   02  0.5740000E+01 -0.2003178E-07 -0.2003178E-07
   02  0.5800000E+01  0.3475409E-07  0.3475409E-07
   02  0.5860000E+01  0.7074702E-07  0.7074702E-07
   02  0.5920000E+01  0.1001623E-06  0.1001623E-06
   02  0.5980000E+01  0.3276986E-06  0.3276986E-06
   02  0.5985000E+01  0.3566514E-06  0.3566514E-06
   02  0.5990000E+01  0.3868582E-06  0.3868582E-06
   02  0.5995000E+01  0.4181189E-06  0.4181189E-06
   02  0.6000000E+01  0.4502073E-06  0.4502073E-06
   02  0.6060000E+01  0.8719358E-06  0.8719358E-06
   02  0.6120000E+01  0.1218524E-05  0.1218524E-05
   02  0.6180000E+01  0.1713617E-05  0.1713617E-05
   02  0.6240000E+01  0.4043171E-05  0.4043171E-05
   02  0.6300000E+01  0.9135075E-05  0.9135075E-05
   02  0.6360000E+01  0.1489112E-04  0.1489112E-04
   02  0.6420000E+01  0.2296592E-04  0.2296592E-04
   02  0.6480000E+01  0.1019397E-03  0.1019397E-03
   02  0.6485000E+01  0.1103866E-03  0.1103866E-03
   02  0.6490000E+01  0.1198569E-03  0.1198569E-03
   02  0.6495000E+01  0.1313364E-03  0.1313364E-03
   02  0.6500000E+01  0.1474507E-03  0.1474507E-03
   02  0.6560000E+01  0.9121670E-03  0.9121670E-03
   03  0.6620000E+01  0.2865338E-02  0.2865338E-02
   03  0.6635000E+01  0.3731082E-02  0.3731082E-02
   03  0.6650000E+01  0.4591022E-02  0.4591022E-02
   03  0.6665000E+01  0.5401125E-02  0.5401125E-02
   03  0.6680000E+01  0.6960324E-02  0.6960324E-02
   03  0.6695000E+01  0.9155428E-02  0.9155428E-02
   03  0.6710000E+01  0.1085559E-01  0.1085559E-01
   03  0.6725000E+01  0.1233267E-01  0.1233267E-01
   03  0.6740000E+01  0.1390479E-01  0.1390479E-01
   03  0.6755000E+01  0.1957486E-01  0.1957486E-01
   03  0.6770000E+01  0.3025476E-01  0.3025476E-01
   03  0.6785000E+01  0.4600671E-01  0.4600671E-01
   03  0.6800000E+01  0.6646090E-01  0.6646090E-01
   03  0.6815000E+01  0.9134208E-01  0.9134208E-01
   03  0.6830000E+01  0.1204797E+00  0.1204797E+00
   03  0.6845000E+01  0.1537065E+00  0.1537065E+00
   03  0.6860000E+01  0.1907974E+00  0.1907974E+00
   03  0.6875000E+01  0.2313839E+00  0.2313839E+00
   03  0.6890000E+01  0.2747891E+00  0.2747891E+00
   03  0.6905000E+01  0.3198944E+00  0.3198944E+00
   03  0.6920000E+01  0.3647651E+00  0.3647651E+00
   03  0.6935000E+01  0.4064254E+00  0.4064254E+00
   03  0.6950000E+01  0.4417230E+00  0.4417230E+00
   03  0.6965000E+01  0.4662248E+00  0.4662248E+00
   03  0.6980000E+01  0.4765147E+00  0.4765147E+00
   03  0.6981250E+01  0.4766929E+00  0.4766929E+00
   03  0.6982500E+01  0.4768447E+00  0.4768447E+00
   03  0.6983750E+01  0.4769741E+00  0.4769741E+00
   03  0.6985000E+01  0.4770840E+00  0.4770840E+00
   03  0.6986250E+01  0.4771773E+00  0.4771773E+00
   03  0.6987500E+01  0.4772563E+00  0.4772563E+00
   03  0.6988750E+01  0.4773227E+00  0.4773227E+00
   03  0.6990000E+01  0.4773781E+00  0.4773781E+00
   03  0.6991250E+01  0.4774239E+00  0.4774239E+00
   03  0.6992500E+01  0.4774611E+00  0.4774611E+00
   03  0.6993750E+01  0.4774906E+00  0.4774906E+00
   03  0.6995000E+01  0.4775129E+00  0.4775129E+00
   03  0.6996250E+01  0.4775287E+00  0.4775287E+00
   03  0.6997500E+01  0.4775382E+00  0.4775382E+00
   03  0.6998750E+01  0.4775418E+00  0.4775418E+00
   03  0.7000000E+01  0.4775395E+00  0.4775395E+00
   03  0.7015000E+01  0.4753117E+00  0.4753117E+00
   03  0.7030000E+01  0.4662874E+00  0.4662874E+00
   03  0.7045000E+01  0.4476881E+00  0.4476881E+00
   03  0.7060000E+01  0.4196416E+00  0.4196416E+00
   03  0.7075000E+01  0.3837295E+00  0.3837295E+00
   03  0.7090000E+01  0.3422157E+00  0.3422157E+00
   03  0.7105000E+01  0.2976900E+00  0.2976900E+00
   03  0.7120000E+01  0.2526560E+00  0.2526560E+00
   03  0.7135000E+01  0.2092661E+00  0.2092661E+00
   03  0.7150000E+01  0.1691691E+00  0.1691691E+00
   03  0.7165000E+01  0.1334554E+00  0.1334554E+00
   03  0.7180000E+01  0.1026875E+00  0.1026875E+00
   03  0.7195000E+01  0.7698827E-01  0.7698826E-01
   03  0.7210000E+01  0.5615213E-01  0.5615213E-01
   03  0.7225000E+01  0.3975327E-01  0.3975327E-01
   03  0.7240000E+01  0.2723718E-01  0.2723718E-01
   03  0.7255000E+01  0.1799171E-01  0.1799172E-01
   03  0.7270000E+01  0.1139961E-01  0.1139962E-01
   03  0.7285000E+01  0.6876198E-02  0.6876206E-02
   03  0.7300000E+01  0.3897544E-02  0.3897554E-02
   03  0.7315000E+01  0.2025651E-02  0.2025664E-02
   03  0.7330000E+01  0.9154465E-03  0.9154614E-03
   03  0.7345000E+01  0.3250517E-03  0.3250681E-03
   03  0.7360000E+01  0.9985149E-04  0.9987092E-04
   03  0.7375000E+01  0.5718587E-04  0.5720542E-04
   03  0.7390000E+01  0.3750703E-04  0.3752690E-04
   03  0.7405000E+01  0.1895729E-04  0.1897766E-04
   03  0.7420000E+01 -0.1229634E-05 -0.1208699E-05
   03  0.7435000E+01 -0.1237928E-04 -0.1235746E-04
   03  0.7450000E+01 -0.1338346E-04 -0.1336234E-04
   03  0.7465000E+01 -0.1358186E-04 -0.1355954E-04
   02  0.7480000E+01 -0.1264706E-04 -0.1262178E-04
   02  0.7485000E+01 -0.1280648E-04 -0.1278070E-04
   02  0.7490000E+01 -0.1293932E-04 -0.1291304E-04
   02  0.7495000E+01 -0.1304942E-04 -0.1302265E-04
   02  0.7500000E+01 -0.1313999E-04 -0.1311274E-04
   02  0.7560000E+01 -0.1274854E-04 -0.1271628E-04
   02  0.7620000E+01 -0.9556593E-05 -0.9522039E-05
   02  0.7680000E+01 -0.4858644E-05 -0.4826683E-05
   02  0.7740000E+01 -0.1385118E-05 -0.1360964E-05
   02  0.7800000E+01 -0.1078963E-06 -0.1022186E-06
   02  0.7860000E+01  0.1557142E-07 -0.2607858E-07
   02  0.7920000E+01  0.8823468E-07 -0.9409584E-07
   02  0.7980000E+01  0.1911958E-06 -0.1969879E-06
   02  0.7985000E+01  0.2004744E-06 -0.2062563E-06
   02  0.7990000E+01  0.2089124E-06 -0.2146791E-06
   02  0.7995000E+01  0.2166226E-06 -0.2223587E-06
   02  0.8000000E+01  0.1914616E-06 -0.1967617E-06
   02  0.8060000E+01  0.3290925E-06 -0.3324167E-06
   02  0.8120000E+01  0.4906378E-06 -0.4909444E-06
   02  0.8180000E+01  0.1021638E-05 -0.1018784E-05
   02  0.8240000E+01  0.1677255E-05 -0.1671784E-05
   02  0.8300000E+01  0.2267844E-05 -0.2261453E-05
   02  0.8360000E+01  0.2965085E-06 -0.2903303E-06
   02  0.8420000E+01  0.8505700E-05 -0.8499787E-05
   01  0.8480000E+01  0.8352524E-03 -0.8352482E-03
   01  0.8500000E+01  0.1146474E-02 -0.1146470E-02
   02  0.8740000E+01  0.4305587E-01 -0.4305587E-01
   02  0.8800000E+01  0.7953974E-01 -0.7953974E-01
   02  0.8860000E+01  0.8353018E-01 -0.8353018E-01
   02  0.8920000E+01  0.8357009E-01 -0.8357009E-01
   02  0.8980000E+01  0.1028039E+00 -0.1028039E+00
   02  0.8985000E+01  0.1042246E+00 -0.1042246E+00
   02  0.8990000E+01  0.1056280E+00 -0.1056280E+00
   02  0.8995000E+01  0.1070105E+00 -0.1070105E+00
   02  0.9000000E+01  0.1083703E+00 -0.1083703E+00
   02  0.9060000E+01  0.1126054E+00 -0.1126054E+00
   02  0.9120000E+01  0.8354629E-01 -0.8354629E-01
   02  0.9180000E+01  0.4228031E-01 -0.4228031E-01
   02  0.9240000E+01  0.1261029E-01 -0.1261028E-01
   02  0.9300000E+01  0.1353466E-02 -0.1353455E-02
   02  0.9360000E+01  0.1023369E-03 -0.1023172E-03
   02  0.9420000E+01  0.7677711E-05 -0.7637691E-05
   02  0.9480000E+01 -0.1258853E-04  0.1267828E-04
   02  0.9485000E+01 -0.1317764E-04  0.1327299E-04
   02  0.9490000E+01 -0.1368013E-04  0.1378092E-04
   02  0.9495000E+01 -0.1410825E-04  0.1421428E-04
   02  0.9500000E+01 -0.1447241E-04  0.1458350E-04
   02  0.9560000E+01 -0.1585862E-04  0.1601679E-04
   02  0.9620000E+01 -0.1259101E-04  0.1275830E-04
   02  0.9680000E+01 -0.7042901E-05  0.7168267E-05
   02  0.9740000E+01 -0.2290069E-05  0.2291291E-05
   02  0.9800000E+01 -0.3576180E-06  0.1417989E-06
   02  0.9860000E+01 -0.2368706E-06 -0.2246059E-06
   02  0.9920000E+01 -0.3534882E-06 -0.3538470E-06
   02  0.9980000E+01 -0.5501897E-06 -0.5500111E-06
   02  0.9985000E+01 -0.5749037E-06 -0.5746965E-06
   02  0.9990000E+01 -0.6009424E-06 -0.6007090E-06
   02  0.9995000E+01 -0.6281446E-06 -0.6278872E-06
   02  0.1000000E+02 -0.6563455E-06 -0.6560671E-06
   02  0.1006000E+02 -0.1013468E-05 -0.1013226E-05
   02  0.1012000E+02 -0.1320284E-05 -0.1320856E-05
   02  0.1018000E+02 -0.1315398E-05 -0.1316911E-05
   02  0.1024000E+02  0.7023340E-06  0.7003859E-06
   02  0.1030000E+02  0.9321766E-05  0.9319866E-05
   02  0.1036000E+02  0.2571283E-04  0.2571120E-04
   02  0.1042000E+02  0.4686505E-04  0.4686377E-04
   02  0.1048000E+02  0.9761827E-04  0.9761724E-04
   02  0.1048500E+02  0.1031083E-03  0.1031072E-03
   02  0.1049000E+02  0.1091223E-03  0.1091213E-03
   02  0.1049500E+02  0.1157331E-03  0.1157321E-03
   02  0.1050000E+02  0.1230203E-03  0.1230193E-03
   02  0.1056000E+02  0.5633311E-03  0.5633302E-03
   02  0.1062000E+02  0.2029241E-02  0.2029240E-02
   02  0.1068000E+02  0.4808116E-02  0.4808115E-02
   03  0.1074000E+02  0.9098905E-02  0.9098904E-02
   03  0.1075500E+02  0.1131784E-01  0.1131784E-01
   03  0.1077000E+02  0.1302136E-01  0.1302136E-01
   03  0.1078500E+02  0.1452137E-01  0.1452137E-01
   03  0.1080000E+02  0.1898813E-01  0.1898813E-01
   03  0.1081500E+02  0.2787999E-01  0.2787999E-01
   03  0.1083000E+02  0.3940714E-01  0.3940714E-01
   03  0.1084500E+02  0.5231922E-01  0.5231922E-01
   03  0.1086000E+02  0.6656086E-01  0.6656085E-01
   03  0.1087500E+02  0.8186830E-01  0.8186830E-01
   03  0.1089000E+02  0.9767242E-01  0.9767242E-01
   03  0.1090500E+02  0.1132989E+00  0.1132989E+00
   03  0.1092000E+02  0.1279325E+00  0.1279325E+00
   03  0.1093500E+02  0.1406815E+00  0.1406815E+00
   03  0.1095000E+02  0.1506347E+00  0.1506347E+00
   03  0.1096500E+02  0.1561747E+00  0.1561747E+00
   03  0.1098000E+02  0.1577164E+00  0.1577164E+00
   03  0.1098125E+02  0.1577192E+00  0.1577192E+00
   03  0.1098250E+02  0.1577212E+00  0.1577212E+00
   03  0.1098375E+02  0.1577226E+00  0.1577226E+00
   03  0.1098500E+02  0.1577233E+00  0.1577233E+00
   03  0.1098625E+02  0.1577234E+00  0.1577234E+00
   03  0.1098750E+02  0.1577227E+00  0.1577228E+00
   03  0.1098875E+02  0.1577215E+00  0.1577215E+00
   03  0.1099000E+02  0.1577195E+00  0.1577195E+00
   03  0.1099125E+02  0.1577168E+00  0.1577168E+00
   03  0.1099250E+02  0.1577134E+00  0.1577134E+00
   03  0.1099375E+02  0.1577093E+00  0.1577093E+00
   03  0.1099500E+02  0.1577043E+00  0.1577043E+00
   03  0.1099625E+02  0.1576982E+00  0.1576982E+00
   03  0.1099750E+02  0.1576886E+00  0.1576886E+00
   03  0.1099875E+02  0.1576728E+00  0.1576728E+00
   03  0.1100000E+02  0.1576502E+00  0.1576502E+00
   03  0.1101500E+02  0.1564124E+00  0.1564124E+00
   03  0.1103000E+02  0.1527102E+00  0.1527102E+00
   03  0.1104500E+02  0.1459044E+00  0.1459044E+00
   03  0.1106000E+02  0.1361732E+00  0.1361732E+00
   03  0.1107500E+02  0.1239754E+00  0.1239754E+00
   03  0.1109000E+02  0.1100271E+00  0.1100271E+00
   03  0.1110500E+02  0.9514331E-01  0.9514331E-01
   03  0.1112000E+02  0.8012993E-01  0.8012993E-01
   03  0.1113500E+02  0.6570399E-01  0.6570399E-01
   03  0.1115000E+02  0.5243355E-01  0.5243355E-01
   03  0.1116500E+02  0.4070438E-01  0.4070438E-01
   03  0.1118000E+02  0.3071684E-01  0.3071684E-01
   03  0.1119500E+02  0.2250716E-01  0.2250716E-01
   03  0.1121000E+02  0.1598275E-01  0.1598275E-01
   03  0.1122500E+02  0.1096159E-01  0.1096159E-01
   03  0.1124000E+02  0.7208953E-02  0.7208951E-02
   03  0.1125500E+02  0.4478363E-02  0.4478361E-02
   03  0.1127000E+02  0.2561844E-02  0.2561842E-02
   03  0.1128500E+02  0.1284353E-02  0.1284350E-02
   03  0.1130000E+02  0.6624979E-03  0.6624945E-03
   03  0.1131500E+02  0.5097983E-03  0.5097946E-03
   03  0.1133000E+02  0.4469056E-03  0.4469012E-03
   03  0.1134500E+02  0.3525649E-03  0.3525592E-03
   03  0.1136000E+02  0.1599886E-03  0.1599810E-03
   03  0.1137500E+02  0.1263958E-04  0.1262895E-04
   03  0.1139000E+02 -0.2616390E-04 -0.2617752E-04
   03  0.1140500E+02 -0.5499129E-04 -0.5500731E-04
   03  0.1142000E+02 -0.8338271E-04 -0.8339831E-04
   03  0.1143500E+02 -0.9776612E-04 -0.9778592E-04
   03  0.1145000E+02 -0.9812102E-04 -0.9814592E-04
   03  0.1146500E+02 -0.9764733E-04 -0.9767674E-04
   02  0.1148000E+02 -0.9679767E-04 -0.9683300E-04
   02  0.1148500E+02 -0.9618570E-04 -0.9622227E-04
   02  0.1149000E+02 -0.9535158E-04 -0.9538933E-04
   02  0.1149500E+02 -0.9435565E-04 -0.9439452E-04
   02  0.1150000E+02 -0.9319922E-04 -0.9323916E-04
   02  0.1156000E+02 -0.6960863E-04 -0.6965762E-04
   02  0.1162000E+02 -0.3231985E-04 -0.3236834E-04
   02  0.1168000E+02 -0.7384455E-05 -0.7414667E-05
   02  0.1174000E+02 -0.3360474E-06 -0.3201407E-06
   02  0.1180000E+02 -0.5273323E-07  0.3278269E-07
   02  0.1186000E+02 -0.8680476E-07  0.9236833E-07
   02  0.1192000E+02 -0.1509704E-06  0.1567801E-06
   02  0.1198000E+02 -0.2397208E-06  0.2445030E-06
   02  0.1198500E+02 -0.2505051E-06  0.2552001E-06
   02  0.1199000E+02 -0.2612196E-06  0.2658287E-06
   02  0.1199500E+02 -0.2717619E-06  0.2762890E-06
   02  0.1200000E+02 -0.2505058E-06  0.2526458E-06
   02  0.1206000E+02 -0.2828419E-06  0.2843721E-06
   02  0.1212000E+02 -0.2945435E-06  0.2977008E-06
   02  0.1218000E+02 -0.1186329E-06  0.1219071E-06
   02  0.1224000E+02  0.6245691E-06 -0.6208320E-06
   02  0.1230000E+02  0.5039071E-05 -0.5034194E-05
   02  0.1236000E+02  0.1030880E-04 -0.1030382E-04
   02  0.1242000E+02  0.1704786E-04 -0.1704395E-04
   01  0.1248000E+02  0.5908077E-03 -0.5908051E-03
   01  0.1250000E+02  0.7323793E-03 -0.7323769E-03
   01  0.1274000E+02  0.1482694E-01 -0.1482694E-01
   01  0.1298000E+02  0.2481565E-01 -0.2481565E-01
   01  0.1300000E+02  0.2397704E-01 -0.2397704E-01
   01  0.1324000E+02  0.1310846E-01 -0.1310846E-01
   01  0.1348000E+02  0.2789488E-02 -0.2789488E-02
   01  0.1350000E+02  0.2389165E-02 -0.2389165E-02
   01  0.1374000E+02  0.3344899E-04 -0.3344900E-04
   01  0.1398000E+02  0.1994335E-04 -0.1994336E-04
   01  0.1400000E+02  0.4112151E-04 -0.4112152E-04
   01  0.1424000E+02  0.4332713E-02 -0.4332713E-02
   01  0.1448000E+02  0.3395128E-01 -0.3395128E-01
   01  0.1450000E+02  0.3787403E-01 -0.3787403E-01
   01  0.1474000E+02  0.8122065E-01 -0.8122065E-01
   01  0.1498000E+02  0.1015368E+00 -0.1015368E+00
