# gauge_id= 1 location=(   0.1000000E+01 ) num_eqn=  2
# Columns: level time q(1 ... num_eqn)
   01  0.0000000E+00  0.0000000E+00  0.0000000E+00
   01  0.1000000E+00  0.0000000E+00  0.0000000E+00
   01  0.3400000E+00  0.0000000E+00  0.0000000E+00
   01  0.5000000E+00  0.0000000E+00  0.0000000E+00
   01  0.7400000E+00  0.5918214E-85  0.2959107E-85
   01  0.9800000E+00  0.3363650E-64  0.1681825E-64
   01  0.1000000E+01  0.1083309E-48  0.5416543E-49
   01  0.1240000E+01  0.4099583E-34  0.2049792E-34
   01  0.1480000E+01  0.1265933E-22  0.6329667E-23
   01  0.1500000E+01  0.2571831E-16  0.1285915E-16
   01  0.1740000E+01  0.5206788E-10  0.2603394E-10
   01  0.1980000E+01  0.1857407E-08  0.9287037E-09
   01  0.2000000E+01  0.2039907E-08  0.1019953E-08
   01  0.2240000E+01  0.5568561E-08  0.2784280E-08
   02  0.2480000E+01  0.7160741E-07  0.3580370E-07
   02  0.2485000E+01  0.7210599E-07  0.3605300E-07
   02  0.2490000E+01  0.7260505E-07  0.3630253E-07
   02  0.2495000E+01  0.7311035E-07  0.3655517E-07
   02  0.2500000E+01  0.7362777E-07  0.3681388E-07
   02  0.2560000E+01  0.8585210E-07  0.4292605E-07
   02  0.2620000E+01  0.1287603E-06  0.6438017E-07
   02  0.2680000E+01  0.2268486E-06  0.1134243E-06
   02  0.2740000E+01  0.3705005E-06  0.1852502E-06
   02  0.2800000E+01  0.5425444E-06  0.2712722E-06
   02  0.2860000E+01  0.7379468E-06  0.3689734E-06
   02  0.2920000E+01  0.9932965E-06  0.4966483E-06
   02  0.2980000E+01  0.1406577E-05  0.7032883E-06
   02  0.2985000E+01  0.1437703E-05  0.7188513E-06
   02  0.2990000E+01  0.1469736E-05  0.7348682E-06
   02  0.2995000E+01  0.1502713E-05  0.7513563E-06
   02  0.3000000E+01  0.1536668E-05  0.7683341E-06
   02  0.3060000E+01  0.2490046E-05  0.1245023E-05
   02  0.3120000E+01  0.5035494E-05  0.2517747E-05
   02  0.3180000E+01  0.1132456E-04  0.5662280E-05
   02  0.3240000E+01  0.2736441E-04  0.1368221E-04
   02  0.3300000E+01  0.5792475E-04  0.2896237E-04
   02  0.3360000E+01  0.1192355E-03  0.5961776E-04
   02  0.3420000E+01  0.2761507E-03  0.1380753E-03
   03  0.3480000E+01  0.4493036E-03  0.2246518E-03
   03  0.3481250E+01  0.4541209E-03  0.2270605E-03
   03  0.3482500E+01  0.4589428E-03  0.2294714E-03
   03  0.3483750E+01  0.4637664E-03  0.2318832E-03
   03  0.3485000E+01  0.4775962E-03  0.2387981E-03
   03  0.3486250E+01  0.4824581E-03  0.2412291E-03
   03  0.3487500E+01  0.4873162E-03  0.2436581E-03
   03  0.3488750E+01  0.4921689E-03  0.2460845E-03
   03  0.3490000E+01  0.5064002E-03  0.2532001E-03
   03  0.3491250E+01  0.5112847E-03  0.2556423E-03
   03  0.3492500E+01  0.5161621E-03  0.2580810E-03
   03  0.3493750E+01  0.5210319E-03  0.2605159E-03
   03  0.3495000E+01  0.5356181E-03  0.2678091E-03
   03  0.3496250E+01  0.5405216E-03  0.2702608E-03
   03  0.3497500E+01  0.5454183E-03  0.2727091E-03
   03  0.3498750E+01  0.5503083E-03  0.2751541E-03
   03  0.3500000E+01  0.5611118E-03  0.2805559E-03
   03  0.3515000E+01  0.6353130E-03  0.3176565E-03
   03  0.3530000E+01  0.7045839E-03  0.3522920E-03
   03  0.3545000E+01  0.7746287E-03  0.3873143E-03
   03  0.3560000E+01  0.8617795E-03  0.4308897E-03
   03  0.3575000E+01  0.9886317E-03  0.4943159E-03
   03  0.3590000E+01  0.1056841E-02  0.5284204E-03
   03  0.3605000E+01  0.1123554E-02  0.5617771E-03
   03  0.3620000E+01  0.1142121E-02  0.5710605E-03
   03  0.3635000E+01  0.1225339E-02  0.6126694E-03
   03  0.3650000E+01  0.1337658E-02  0.6688290E-03
   03  0.3665000E+01  0.1519087E-02  0.7595437E-03
   03  0.3680000E+01  0.1854816E-02  0.9274082E-03
   03  0.3695000E+01  0.2537934E-02  0.1268967E-02
   03  0.3710000E+01  0.4024248E-02  0.2012124E-02
   03  0.3725000E+01  0.7356490E-02  0.3678245E-02
   03  0.3740000E+01  0.1447034E-01  0.7235170E-02
   03  0.3755000E+01  0.2686346E-01  0.1343173E-01
   03  0.3770000E+01  0.4587394E-01  0.2293697E-01
   03  0.3785000E+01  0.7229195E-01  0.3614598E-01
   03  0.3800000E+01  0.1056526E+00  0.5282628E-01
   03  0.3815000E+01  0.1453138E+00  0.7265692E-01
   03  0.3830000E+01  0.1903722E+00  0.9518608E-01
   03  0.3845000E+01  0.2395969E+00  0.1197985E+00
   03  0.3860000E+01  0.2914671E+00  0.1457335E+00
   03  0.3875000E+01  0.3441249E+00  0.1720624E+00
   03  0.3890000E+01  0.3953389E+00  0.1976695E+00
   03  0.3905000E+01  0.4426753E+00  0.2213377E+00
   03  0.3920000E+01  0.4840463E+00  0.2420231E+00
   03  0.3935000E+01  0.5164794E+00  0.2582397E+00
   03  0.3950000E+01  0.5390687E+00  0.2695344E+00
   03  0.3965000E+01  0.5525641E+00  0.2762820E+00
   03  0.3980000E+01  0.5588485E+00  0.2794243E+00
   03  0.3981250E+01  0.5590758E+00  0.2795379E+00
   03  0.3982500E+01  0.5592861E+00  0.2796431E+00
   03  0.3983750E+01  0.5594808E+00  0.2797404E+00
   03  0.3985000E+01  0.5596609E+00  0.2798304E+00
   03  0.3986250E+01  0.5598274E+00  0.2799137E+00
   03  0.3987500E+01  0.5599814E+00  0.2799907E+00
   03  0.3988750E+01  0.5601237E+00  0.2800619E+00
   03  0.3990000E+01  0.5602551E+00  0.2801275E+00
   03  0.3991250E+01  0.5603763E+00  0.2801881E+00
   03  0.3992500E+01  0.5604879E+00  0.2802439E+00
   03  0.3993750E+01  0.5605906E+00  0.2802953E+00
   03  0.3995000E+01  0.5606849E+00  0.2803424E+00
   03  0.3996250E+01  0.5607713E+00  0.2803857E+00
   03  0.3997500E+01  0.5608503E+00  0.2804252E+00
   03  0.3998750E+01  0.5609223E+00  0.2804611E+00
   03  0.4000000E+01  0.5609876E+00  0.2804938E+00
   03  0.4015000E+01  0.5607219E+00  0.2803610E+00
   03  0.4030000E+01  0.5577648E+00  0.2788824E+00
   03  0.4045000E+01  0.5490656E+00  0.2745328E+00
   03  0.4060000E+01  0.5322727E+00  0.2661363E+00
   03  0.4075000E+01  0.5058321E+00  0.2529161E+00
   03  0.4090000E+01  0.4695079E+00  0.2347540E+00
   03  0.4105000E+01  0.4250573E+00  0.2125286E+00
   03  0.4120000E+01  0.3758805E+00  0.1879402E+00
   03  0.4135000E+01  0.3245061E+00  0.1622530E+00
   03  0.4150000E+01  0.2732870E+00  0.1366435E+00
   03  0.4165000E+01  0.2241275E+00  0.1120637E+00
   03  0.4180000E+01  0.1785274E+00  0.8926372E-01
   03  0.4195000E+01  0.1375841E+00  0.6879206E-01
   03  0.4210000E+01  0.1019815E+00  0.5099077E-01
   03  0.4225000E+01  0.7206777E-01  0.3603389E-01
   03  0.4240000E+01  0.4792382E-01  0.2396191E-01
   03  0.4255000E+01  0.2964646E-01  0.1482323E-01
   03  0.4270000E+01  0.1688445E-01  0.8442223E-02
   03  0.4285000E+01  0.8756640E-02  0.4378320E-02
   03  0.4300000E+01  0.4145899E-02  0.2072950E-02
   03  0.4315000E+01  0.1957612E-02  0.9788061E-03
   03  0.4330000E+01  0.9191181E-03  0.4595590E-03
   03  0.4345000E+01  0.4263417E-03  0.2131709E-03
   03  0.4360000E+01  0.1926476E-03  0.9632379E-04
   03  0.4375000E+01  0.8215201E-04  0.4107600E-04
   03  0.4390000E+01  0.3035454E-04  0.1517727E-04
   03  0.4405000E+01  0.6474263E-05  0.3237131E-05
   03  0.4420000E+01 -0.4218193E-05 -0.2109096E-05
   03  0.4435000E+01 -0.8729252E-05 -0.4364626E-05
   03  0.4450000E+01 -0.1045128E-04 -0.5225641E-05
   03  0.4465000E+01 -0.1099880E-04 -0.5499400E-05
   03  0.4480000E+01 -0.1102386E-04 -0.5511931E-05
   03  0.4481250E+01 -0.1100756E-04 -0.5503782E-05
   03  0.4482500E+01 -0.1099010E-04 -0.5495050E-05
   03  0.4483750E+01 -0.1097147E-04 -0.5485736E-05
   03  0.4485000E+01 -0.1095169E-04 -0.5475844E-05
   03  0.4486250E+01 -0.1093075E-04 -0.5465376E-05
   03  0.4487500E+01 -0.1090867E-04 -0.5454335E-05
   03  0.4488750E+01 -0.1088545E-04 -0.5442723E-05
   03  0.4490000E+01 -0.1086109E-04 -0.5430543E-05
   03  0.4491250E+01 -0.1083560E-04 -0.5417798E-05
   03  0.4492500E+01 -0.1080898E-04 -0.5404490E-05
   03  0.4493750E+01 -0.1078124E-04 -0.5390621E-05
   03  0.4495000E+01 -0.1075239E-04 -0.5376195E-05
   03  0.4496250E+01 -0.1072246E-04 -0.5361228E-05
   03  0.4497500E+01 -0.1069147E-04 -0.5345737E-05
   03  0.4498750E+01 -0.1065949E-04 -0.5329744E-05
   03  0.4500000E+01 -0.9547383E-05 -0.4773691E-05
   03  0.4515000E+01 -0.8671378E-05 -0.4335689E-05
   03  0.4530000E+01 -0.7912173E-05 -0.3956086E-05
   03  0.4545000E+01 -0.7314687E-05 -0.3657343E-05
   03  0.4560000E+01 -0.7610574E-05 -0.3805287E-05
   03  0.4575000E+01 -0.7546079E-05 -0.3773039E-05
   03  0.4590000E+01 -0.7276082E-05 -0.3638041E-05
   03  0.4605000E+01 -0.6919428E-05 -0.3459714E-05
   03  0.4620000E+01 -0.6509289E-05 -0.3254644E-05
   03  0.4635000E+01 -0.6038377E-05 -0.3019189E-05
   03  0.4650000E+01 -0.5538791E-05 -0.2769396E-05
   03  0.4665000E+01 -0.5024577E-05 -0.2512288E-05
   03  0.4680000E+01 -0.4498691E-05 -0.2249346E-05
   03  0.4695000E+01 -0.4023649E-05 -0.2011825E-05
   03  0.4710000E+01 -0.3572717E-05 -0.1786359E-05
   03  0.4725000E+01 -0.3137628E-05 -0.1568814E-05
   02  0.4740000E+01 -0.3085178E-05 -0.1542589E-05
   02  0.4800000E+01 -0.1863463E-05 -0.9317313E-06
   02  0.4860000E+01 -0.1001216E-05 -0.5006081E-06
   02  0.4920000E+01 -0.4632513E-06 -0.2316256E-06
   02  0.4980000E+01 -0.1859974E-06 -0.9299871E-07
   02  0.4985000E+01 -0.1743831E-06 -0.8719153E-07
   02  0.4990000E+01 -0.1634923E-06 -0.8174614E-07
   02  0.4995000E+01 -0.1532801E-06 -0.7664007E-07
   02  0.5000000E+01 -0.1437044E-06 -0.7185222E-07
   02  0.5060000E+01 -0.5732176E-07 -0.2866088E-07
   02  0.5120000E+01 -0.2277239E-07 -0.1138620E-07
   02  0.5180000E+01 -0.9018188E-08 -0.4509094E-08
   02  0.5240000E+01 -0.3562106E-08 -0.1781053E-08
   02  0.5300000E+01 -0.1403992E-08 -0.7019959E-09
   02  0.5360000E+01 -0.5524292E-09 -0.2762146E-09
   02  0.5420000E+01 -0.2170885E-09 -0.1085443E-09
   02  0.5480000E+01 -0.8524246E-10 -0.4262123E-10
   02  0.5485000E+01 -0.7985570E-10 -0.3992785E-10
   02  0.5490000E+01 -0.7480918E-10 -0.3740459E-10
   02  0.5495000E+01 -0.7008139E-10 -0.3504069E-10
   02  0.5500000E+01 -0.6565216E-10 -0.3282608E-10
   02  0.5560000E+01 -0.2577505E-10 -0.1288753E-10
   02  0.5620000E+01 -0.1010133E-10 -0.5050666E-11
   02  0.5680000E+01 -0.3943991E-11 -0.1971995E-11
   02  0.5740000E+01 -0.1549310E-11 -0.7746546E-12
   02  0.5800000E+01 -0.6274200E-12 -0.3137084E-12
   02  0.5860000E+01 -0.2690337E-12 -0.1345112E-12
   02  0.5920000E+01 -0.1243422E-12 -0.6215636E-13
   02  0.5980000E+01 -0.6489594E-13 -0.3241858E-13
   02  0.5985000E+01 -0.6232234E-13 -0.3113022E-13
   02  0.5990000E+01 -0.5989721E-13 -0.2991609E-13
   02  0.5995000E+01 -0.5761138E-13 -0.2877162E-13
   02  0.6000000E+01 -0.5545631E-13 -0.2769253E-13
   02  0.6060000E+01 -0.3563434E-13 -0.1776428E-13
   02  0.6120000E+01 -0.2656727E-13 -0.1321970E-13
   02  0.6180000E+01 -0.2191677E-13 -0.1089323E-13
   02  0.6240000E+01 -0.1909363E-13 -0.9494811E-14
   02  0.6300000E+01 -0.1707738E-13 -0.8505012E-14
   02  0.6360000E+01 -0.1538085E-13 -0.7671426E-14
   02  0.6420000E+01 -0.1376523E-13 -0.6870644E-14
   01  0.6480000E+01 -0.1185163E-13 -0.5753893E-14
   01  0.6500000E+01 -0.1528620E-13 -0.3410085E-14
   02  0.6740000E+01 -0.6044485E-13  0.3760346E-13
   02  0.6800000E+01 -0.6044485E-13  0.3760346E-13
   02  0.6860000E+01 -0.7762868E-13  0.3247165E-13
   02  0.6920000E+01 -0.1272289E-12  0.1767080E-13
   02  0.6980000E+01 -0.2052572E-12 -0.6060932E-14
   02  0.6985000E+01 -0.2107621E-12 -0.7191804E-14
   02  0.6990000E+01 -0.2163774E-12 -0.8332994E-14
   02  0.6995000E+01 -0.2221023E-12 -0.9486036E-14
   01  0.7000000E+01 -0.2801047E-12 -0.2544498E-13
   01  0.7240000E+01 -0.6284146E-10 -0.3123800E-10
   02  0.7480000E+01 -0.2713768E-08 -0.1346967E-08
   02  0.7485000E+01 -0.2733174E-08 -0.1356406E-08
   02  0.7490000E+01 -0.2752464E-08 -0.1365793E-08
   02  0.7495000E+01 -0.2771771E-08 -0.1375195E-08
   02  0.7500000E+01 -0.2791222E-08 -0.1384675E-08
   02  0.7560000E+01 -0.3170786E-08 -0.1571852E-08
   02  0.7620000E+01 -0.4259090E-08 -0.2114329E-08
   02  0.7680000E+01 -0.5820944E-08 -0.2894251E-08
   02  0.7740000E+01 -0.7577341E-08 -0.3771601E-08
   02  0.7800000E+01 -0.9123178E-08 -0.4543225E-08
   02  0.7860000E+01 -0.1023235E-07 -0.5095690E-08
   02  0.7920000E+01 -0.1085358E-07 -0.5403141E-08
   02  0.7980000E+01 -0.1101151E-07 -0.5477754E-08
   02  0.7985000E+01 -0.1101045E-07 -0.5476795E-08
   02  0.7990000E+01 -0.1100889E-07 -0.5475572E-08
   02  0.7995000E+01 -0.1100681E-07 -0.5474082E-08
   01  0.8000000E+01 -0.9320073E-08 -0.4627298E-08
   01  0.8240000E+01 -0.1531797E-09  0.1708264E-09
   02  0.8480000E+01  0.6707175E-07  0.3468415E-07
   02  0.8485000E+01  0.6759116E-07  0.3494630E-07
   02  0.8490000E+01  0.6810879E-07  0.3520754E-07
   02  0.8495000E+01  0.6862911E-07  0.3547014E-07
   02  0.8500000E+01  0.6915663E-07  0.3573636E-07
   02  0.8560000E+01  0.8030845E-07  0.4136168E-07
   02  0.8620000E+01  0.1148832E-06  0.5880040E-07
   02  0.8680000E+01  0.1856942E-06  0.9441073E-07
   02  0.8740000E+01  0.2843807E-06  0.1439358E-06
   02  0.8800000E+01  0.4041849E-06  0.2039561E-06
   02  0.8860000E+01  0.5684469E-06  0.2861333E-06
   02  0.8920000E+01  0.8305664E-06  0.4171653E-06
   02  0.8980000E+01  0.1343128E-05  0.6733302E-06
   02  0.8985000E+01  0.1380638E-05  0.6920712E-06
   02  0.8990000E+01  0.1419380E-05  0.7114268E-06
   02  0.8995000E+01  0.1459403E-05  0.7314223E-06
   02  0.9000000E+01  0.1500762E-05  0.7520842E-06
   02  0.9060000E+01  0.2863455E-05  0.1433137E-05
   02  0.9120000E+01  0.6825432E-05  0.3413667E-05
   02  0.9180000E+01  0.1695162E-04  0.8476146E-05
   02  0.9240000E+01  0.4311067E-04  0.2155495E-04
   02  0.9300000E+01  0.9307793E-04  0.4653784E-04
   02  0.9360000E+01  0.1916586E-03  0.9582746E-04
   02  0.9420000E+01  0.4573169E-03  0.2286557E-03
   03  0.9480000E+01  0.7503166E-03  0.3751554E-03
   03  0.9481250E+01  0.7590297E-03  0.3795120E-03
   03  0.9482500E+01  0.7677499E-03  0.3838721E-03
   03  0.9483750E+01  0.7764693E-03  0.3882319E-03
   03  0.9485000E+01  0.7987915E-03  0.3993929E-03
   03  0.9486250E+01  0.8071165E-03  0.4035554E-03
   03  0.9487500E+01  0.8154287E-03  0.4077115E-03
   03  0.9488750E+01  0.8237240E-03  0.4118592E-03
   03  0.9490000E+01  0.8481206E-03  0.4240575E-03
   03  0.9491250E+01  0.8564508E-03  0.4282226E-03
   03  0.9492500E+01  0.8647583E-03  0.4323763E-03
   03  0.9493750E+01  0.8730418E-03  0.4365181E-03
   03  0.9495000E+01  0.8980285E-03  0.4490114E-03
   03  0.9496250E+01  0.9063471E-03  0.4531707E-03
   03  0.9497500E+01  0.9146434E-03  0.4573189E-03
   03  0.9498750E+01  0.9229182E-03  0.4614563E-03
   03  0.9500000E+01  0.9478647E-03  0.4739289E-03
   03  0.9515000E+01  0.1069829E-02  0.5349113E-03
   03  0.9530000E+01  0.1190397E-02  0.5951952E-03
   03  0.9545000E+01  0.1314651E-02  0.6573225E-03
   03  0.9560000E+01  0.1474345E-02  0.7371683E-03
   03  0.9575000E+01  0.1702090E-02  0.8510408E-03
   03  0.9590000E+01  0.1838690E-02  0.9193403E-03
   03  0.9605000E+01  0.1971740E-02  0.9858652E-03
   03  0.9620000E+01  0.2020736E-02  0.1010362E-02
   03  0.9635000E+01  0.2174268E-02  0.1087127E-02
   03  0.9650000E+01  0.2345213E-02  0.1172599E-02
   03  0.9665000E+01  0.2577732E-02  0.1288858E-02
   03  0.9680000E+01  0.2962255E-02  0.1481119E-02
   03  0.9695000E+01  0.3694824E-02  0.1847403E-02
   03  0.9710000E+01  0.5221800E-02  0.2610891E-02
   03  0.9725000E+01  0.8563609E-02  0.4281796E-02
   03  0.9740000E+01  0.1564936E-01  0.7824673E-02
   03  0.9755000E+01  0.2798329E-01  0.1399164E-01
   03  0.9770000E+01  0.4691212E-01  0.2345605E-01
   03  0.9785000E+01  0.7323254E-01  0.3661626E-01
   03  0.9800000E+01  0.1064828E+00  0.5324137E-01
   03  0.9815000E+01  0.1460034E+00  0.7300170E-01
   03  0.9830000E+01  0.1908560E+00  0.9542797E-01
   03  0.9845000E+01  0.2397763E+00  0.1198881E+00
   03  0.9860000E+01  0.2912193E+00  0.1456096E+00
   03  0.9875000E+01  0.3433223E+00  0.1716611E+00
   03  0.9890000E+01  0.3938784E+00  0.1969392E+00
   03  0.9905000E+01  0.4405187E+00  0.2202593E+00
   03  0.9920000E+01  0.4812236E+00  0.2406118E+00
   03  0.9935000E+01  0.5131145E+00  0.2565572E+00
   03  0.9950000E+01  0.5353274E+00  0.2676637E+00
   03  0.9965000E+01  0.5486292E+00  0.2743146E+00
   03  0.9980000E+01  0.5548686E+00  0.2774343E+00
   03  0.9981250E+01  0.5550964E+00  0.2775482E+00
   03  0.9982500E+01  0.5553073E+00  0.2776536E+00
   03  0.9983750E+01  0.5555024E+00  0.2777512E+00
   03  0.9985000E+01  0.5556830E+00  0.2778415E+00
   03  0.9986250E+01  0.5558501E+00  0.2779251E+00
   03  0.9987500E+01  0.5560047E+00  0.2780023E+00
   03  0.9988750E+01  0.5561476E+00  0.2780738E+00
   03  0.9990000E+01  0.5562796E+00  0.2781398E+00
   03  0.9991250E+01  0.5564014E+00  0.2782007E+00
   03  0.9992500E+01  0.5565138E+00  0.2782569E+00
   03  0.9993750E+01  0.5566173E+00  0.2783086E+00
   03  0.9995000E+01  0.5567125E+00  0.2783562E+00
   03  0.9996250E+01  0.5567998E+00  0.2783999E+00
   03  0.9997500E+01  0.5568798E+00  0.2784399E+00
   03  0.9998750E+01  0.5569529E+00  0.2784764E+00
   03  0.1000000E+02  0.5570194E+00  0.2785097E+00
   03  0.1001500E+02  0.5568824E+00  0.2784412E+00
   03  0.1003000E+02  0.5542221E+00  0.2771110E+00
   03  0.1004500E+02  0.5462989E+00  0.2731494E+00
   03  0.1006000E+02  0.5305819E+00  0.2652909E+00
   03  0.1007500E+02  0.5054475E+00  0.2527237E+00
   03  0.1009000E+02  0.4704886E+00  0.2352443E+00
   03  0.1010500E+02  0.4271220E+00  0.2135610E+00
   03  0.1012000E+02  0.3787169E+00  0.1893584E+00
   03  0.1013500E+02  0.3277411E+00  0.1638705E+00
   03  0.1015000E+02  0.2765501E+00  0.1382750E+00
   03  0.1016500E+02  0.2270906E+00  0.1135453E+00
   03  0.1018000E+02  0.1809363E+00  0.9046814E-01
   03  0.1019500E+02  0.1392779E+00  0.6963893E-01
   03  0.1021000E+02  0.1029382E+00  0.5146905E-01
   03  0.1022500E+02  0.7237469E-01  0.3618731E-01
   03  0.1024000E+02  0.4772921E-01  0.2386457E-01
   03  0.1025500E+02  0.2921942E-01  0.1460967E-01
   03  0.1027000E+02  0.1642285E-01  0.8211387E-02
   03  0.1028500E+02  0.8393327E-02  0.4196627E-02
   03  0.1030000E+02  0.3955256E-02  0.1977591E-02
   03  0.1031500E+02  0.1856315E-02  0.9281191E-03
   03  0.1033000E+02  0.8617268E-03  0.4308245E-03
   03  0.1034500E+02  0.3894812E-03  0.1947008E-03
   03  0.1036000E+02  0.1648922E-03  0.8240528E-04
   03  0.1037500E+02  0.5809128E-04  0.2900349E-04
   03  0.1039000E+02  0.7478398E-05  0.3695535E-05
   03  0.1040500E+02 -0.1625344E-04 -0.8172013E-05
   03  0.1042000E+02 -0.2713528E-04 -0.1361455E-04
   03  0.1043500E+02 -0.3195641E-04 -0.1602648E-04
   03  0.1045000E+02 -0.3396837E-04 -0.1703341E-04
   03  0.1046500E+02 -0.3472903E-04 -0.1741427E-04
   03  0.1048000E+02 -0.3497077E-04 -0.1753524E-04
   03  0.1048125E+02 -0.3497565E-04 -0.1753769E-04
   03  0.1048250E+02 -0.3497960E-04 -0.1753965E-04
   03  0.1048375E+02 -0.3498264E-04 -0.1754117E-04
   03  0.1048500E+02 -0.3498484E-04 -0.1754227E-04
   03  0.1048625E+02 -0.3498624E-04 -0.1754296E-04
   03  0.1048750E+02 -0.3498689E-04 -0.1754328E-04
   03  0.1048875E+02 -0.3498683E-04 -0.1754324E-04
   03  0.1049000E+02 -0.3498610E-04 -0.1754287E-04
   03  0.1049125E+02 -0.3498475E-04 -0.1754218E-04
   03  0.1049250E+02 -0.3498283E-04 -0.1754120E-04
   03  0.1049375E+02 -0.3498038E-04 -0.1753993E-04
   03  0.1049500E+02 -0.3497745E-04 -0.1753841E-04
   03  0.1049625E+02 -0.3497406E-04 -0.1753665E-04
   03  0.1049750E+02 -0.3497026E-04 -0.1753466E-04
   03  0.1049875E+02 -0.3496609E-04 -0.1753248E-04
   03  0.1050000E+02 -0.3456824E-04 -0.1733214E-04
   03  0.1051500E+02 -0.3416020E-04 -0.1712431E-04
   03  0.1053000E+02 -0.3371863E-04 -0.1689812E-04
   03  0.1054500E+02 -0.3324055E-04 -0.1665201E-04
   03  0.1056000E+02 -0.3337864E-04 -0.1670571E-04
   03  0.1057500E+02 -0.3332453E-04 -0.1667579E-04
   03  0.1059000E+02 -0.3316698E-04 -0.1659585E-04
   03  0.1060500E+02 -0.3297590E-04 -0.1650104E-04
   03  0.1062000E+02 -0.3270528E-04 -0.1636765E-04
   03  0.1063500E+02 -0.3198874E-04 -0.1601178E-04
   03  0.1065000E+02 -0.3106699E-04 -0.1555419E-04
   03  0.1066500E+02 -0.2998205E-04 -0.1501513E-04
   03  0.1068000E+02 -0.2885937E-04 -0.1445688E-04
   03  0.1069500E+02 -0.2754396E-04 -0.1380086E-04
   03  0.1071000E+02 -0.2614622E-04 -0.1310246E-04
   03  0.1072500E+02 -0.2470274E-04 -0.1238044E-04
   02  0.1074000E+02 -0.2310897E-04 -0.1156332E-04
   02  0.1080000E+02 -0.1780294E-04 -0.8886617E-05
   02  0.1086000E+02 -0.1228891E-04 -0.6547025E-05
   02  0.1092000E+02 -0.5806135E-05 -0.5130724E-05
   02  0.1098000E+02  0.2123426E-05 -0.5650794E-05
   02  0.1098500E+02  0.2873480E-05 -0.5804709E-05
   02  0.1099000E+02  0.3659434E-05 -0.5984777E-05
   02  0.1099500E+02  0.4483006E-05 -0.6191679E-05
   02  0.1100000E+02  0.5345948E-05 -0.6426106E-05
   02  0.1106000E+02  0.1966605E-04 -0.1167314E-04
   02  0.1112000E+02  0.4169124E-04 -0.2162039E-04
   02  0.1118000E+02  0.7338714E-04 -0.3701868E-04
   02  0.1124000E+02  0.1149206E-03 -0.5759565E-04
   02  0.1130000E+02  0.1578339E-03 -0.7897241E-04
   02  0.1136000E+02  0.1966579E-03 -0.9835098E-04
   02  0.1142000E+02  0.2598088E-03 -0.1299126E-03
   02  0.1148000E+02  0.6623034E-03 -0.3311543E-03
   02  0.1148500E+02  0.6935307E-03 -0.3467677E-03
   02  0.1149000E+02  0.7281357E-03 -0.3640700E-03
   02  0.1149500E+02  0.7665118E-03 -0.3832579E-03
   02  0.1150000E+02  0.8090749E-03 -0.4045393E-03
   02  0.1156000E+02  0.4552193E-02 -0.2276097E-02
   02  0.1162000E+02  0.1814249E-01 -0.9071243E-02
   02  0.1168000E+02  0.5552962E-01 -0.2776481E-01
   02  0.1174000E+02  0.1210841E+00 -0.6054207E-01
   02  0.1180000E+02  0.2075646E+00 -0.1037823E+00
   02  0.1186000E+02  0.2855100E+00 -0.1427550E+00
   02  0.1192000E+02  0.3387326E+00 -0.1693663E+00
   02  0.1198000E+02  0.3626836E+00 -0.1813418E+00
   02  0.1198500E+02  0.3625487E+00 -0.1812743E+00
   02  0.1199000E+02  0.3621822E+00 -0.1810911E+00
   02  0.1199500E+02  0.3615875E+00 -0.1807937E+00
   01  0.1200000E+02  0.2886365E+00 -0.1443182E+00
   01  0.1224000E+02  0.1875226E+00 -0.9376130E-01
   02  0.1248000E+02  0.1167116E+00 -0.5835579E-01
   02  0.1248500E+02  0.1162788E+00 -0.5813936E-01
   02  0.1249000E+02  0.1158497E+00 -0.5792481E-01
   02  0.1249500E+02  0.1154228E+00 -0.5771135E-01
   02  0.1250000E+02  0.1149965E+00 -0.5749818E-01
   02  0.1256000E+02  0.1074172E+00 -0.5370846E-01
   02  0.1262000E+02  0.9155985E-01 -0.4577974E-01
   02  0.1268000E+02  0.7017350E-01 -0.3508664E-01
   02  0.1274000E+02  0.4800010E-01 -0.2400006E-01
   02  0.1280000E+02  0.2938129E-01 -0.1469077E-01
   02  0.1286000E+02  0.1588162E-01 -0.7941023E-02
   02  0.1292000E+02  0.7532029E-02 -0.3766254E-02
   02  0.1298000E+02  0.3227555E-02 -0.1613913E-02
   02  0.1298500E+02  0.3050335E-02 -0.1525296E-02
   02  0.1299000E+02  0.2883893E-02 -0.1442068E-02
   02  0.1299500E+02  0.2727540E-02 -0.1363884E-02
   02  0.1300000E+02  0.2580632E-02 -0.1290422E-02
   02  0.1306000E+02  0.1245590E-02 -0.6223908E-03
   02  0.1312000E+02  0.6704894E-03 -0.3332222E-03
   02  0.1318000E+02  0.3944103E-03 -0.1910572E-03
   02  0.1324000E+02  0.2637589E-03 -0.1156542E-03
   02  0.1330000E+02  0.2110381E-03 -0.7001581E-04
   02  0.1336000E+02  0.2353930E-03 -0.1931208E-04
   02  0.1342000E+02  0.4036991E-03  0.8774006E-04
   03  0.1348000E+02  0.5864565E-03  0.1900721E-03
   03  0.1348125E+02  0.5934354E-03  0.1936168E-03
   03  0.1348250E+02  0.6004174E-03  0.1971670E-03
   03  0.1348375E+02  0.6073940E-03  0.2007185E-03
   03  0.1348500E+02  0.6228260E-03  0.2086512E-03
   03  0.1348625E+02  0.6297462E-03  0.2121869E-03
   03  0.1348750E+02  0.6366354E-03  0.2157103E-03
   03  0.1348875E+02  0.6434866E-03  0.2192179E-03
   03  0.1349000E+02  0.6597562E-03  0.2275867E-03
   03  0.1349125E+02  0.6664057E-03  0.2310043E-03
   03  0.1349250E+02  0.6730059E-03  0.2343999E-03
   03  0.1349375E+02  0.6795539E-03  0.2377719E-03
   03  0.1349500E+02  0.6968013E-03  0.2466652E-03
   03  0.1349625E+02  0.7030185E-03  0.2498736E-03
   03  0.1349750E+02  0.7091865E-03  0.2530576E-03
   03  0.1349875E+02  0.7153058E-03  0.2562175E-03
   03  0.1350000E+02  0.7337952E-03  0.2657569E-03
   03  0.1351500E+02  0.8258883E-03  0.3131342E-03
   03  0.1353000E+02  0.9158043E-03  0.3595853E-03
   03  0.1354500E+02  0.1011527E-02  0.4091206E-03
   03  0.1356000E+02  0.1175142E-02  0.4977984E-03
   03  0.1357500E+02  0.1348610E-02  0.5863916E-03
   03  0.1359000E+02  0.1512319E-02  0.6704407E-03
   03  0.1360500E+02  0.1682335E-02  0.7573549E-03
   03  0.1362000E+02  0.1767431E-02  0.8067284E-03
   03  0.1363500E+02  0.1980982E-02  0.9180247E-03
   03  0.1365000E+02  0.2171583E-02  0.1016769E-02
   03  0.1366500E+02  0.2355871E-02  0.1111825E-02
   03  0.1368000E+02  0.2575876E-02  0.1224271E-02
   03  0.1369500E+02  0.2909587E-02  0.1392853E-02
   03  0.1371000E+02  0.3523364E-02  0.1700779E-02
   03  0.1372500E+02  0.4783906E-02  0.2331557E-02
   03  0.1374000E+02  0.7301389E-02  0.3590579E-02
   03  0.1375500E+02  0.1159250E-01  0.5736544E-02
   03  0.1377000E+02  0.1811719E-01  0.8999836E-02
   03  0.1378500E+02  0.2715775E-01  0.1352157E-01
   03  0.1380000E+02  0.3853316E-01  0.1921140E-01
   03  0.1381500E+02  0.5205350E-01  0.2597454E-01
   03  0.1383000E+02  0.6736953E-01  0.3363623E-01
   03  0.1384500E+02  0.8399966E-01  0.4195548E-01
   03  0.1386000E+02  0.1013550E+00  0.5063750E-01
   03  0.1387500E+02  0.1187687E+00  0.5934854E-01
   03  0.1389000E+02  0.1354788E+00  0.6770739E-01
   03  0.1390500E+02  0.1506473E+00  0.7529492E-01
   03  0.1392000E+02  0.1634698E+00  0.8170879E-01
   03  0.1393500E+02  0.1731571E+00  0.8655445E-01
   03  0.1395000E+02  0.1796784E+00  0.8981665E-01
   03  0.1396500E+02  0.1833734E+00  0.9166527E-01
   03  0.1398000E+02  0.1848783E+00  0.9241874E-01
   03  0.1398125E+02  0.1849288E+00  0.9244409E-01
   03  0.1398250E+02  0.1849756E+00  0.9246753E-01
   03  0.1398375E+02  0.1850187E+00  0.9248919E-01
   03  0.1398500E+02  0.1850586E+00  0.9250919E-01
   03  0.1398625E+02  0.1850953E+00  0.9252765E-01
   03  0.1398750E+02  0.1851292E+00  0.9254466E-01
   03  0.1398875E+02  0.1851603E+00  0.9256032E-01
   03  0.1399000E+02  0.1851889E+00  0.9257472E-01
   03  0.1399125E+02  0.1852152E+00  0.9258792E-01
   03  0.1399250E+02  0.1852392E+00  0.9260000E-01
   03  0.1399375E+02  0.1852610E+00  0.9261103E-01
   03  0.1399500E+02  0.1852809E+00  0.9262105E-01
   03  0.1399625E+02  0.1852989E+00  0.9263012E-01
   03  0.1399750E+02  0.1853150E+00  0.9263828E-01
   03  0.1399875E+02  0.1853294E+00  0.9264558E-01
   03  0.1400000E+02  0.1853422E+00  0.9265205E-01
   03  0.1401500E+02  0.1850704E+00  0.9251737E-01
   03  0.1403000E+02  0.1837938E+00  0.9188051E-01
   03  0.1404500E+02  0.1804038E+00  0.9018714E-01
   03  0.1406000E+02  0.1742206E+00  0.8709741E-01
   03  0.1407500E+02  0.1647897E+00  0.8238395E-01
   03  0.1409000E+02  0.1521302E+00  0.7605633E-01
   03  0.1410500E+02  0.1370217E+00  0.6850413E-01
   03  0.1412000E+02  0.1204842E+00  0.6023740E-01
   03  0.1413500E+02  0.1033413E+00  0.5166783E-01
   03  0.1415000E+02  0.8635097E-01  0.4317428E-01
   03  0.1416500E+02  0.7013640E-01  0.3506841E-01
   03  0.1418000E+02  0.5518887E-01  0.2759582E-01
   03  0.1419500E+02  0.4186124E-01  0.2093300E-01
   03  0.1421000E+02  0.3038825E-01  0.1519735E-01
   03  0.1422500E+02  0.2090850E-01  0.1045823E-01
   03  0.1424000E+02  0.1342223E-01  0.6715810E-02
   03  0.1425500E+02  0.7961327E-02  0.3986076E-02
   03  0.1427000E+02  0.4295281E-02  0.2153805E-02
   03  0.1428500E+02  0.2078258E-02  0.1046091E-02
   03  0.1430000E+02  0.9261127E-03  0.4708588E-03
   03  0.1431500E+02  0.3747030E-03  0.1960219E-03
   03  0.1433000E+02  0.1077378E-03  0.6341047E-04
   03  0.1434500E+02 -0.2322829E-04 -0.1225631E-05
   03  0.1436000E+02 -0.8839171E-04 -0.3301070E-04
   03  0.1437500E+02 -0.1212599E-03 -0.4871850E-04
   03  0.1439000E+02 -0.1380034E-03 -0.5644606E-04
   03  0.1440500E+02 -0.1465989E-03 -0.6018496E-04
   03  0.1442000E+02 -0.1509354E-03 -0.6187557E-04
   03  0.1443500E+02 -0.1529812E-03 -0.6249299E-04
   03  0.1445000E+02 -0.1538752E-03 -0.6259476E-04
   03  0.1446500E+02 -0.1541271E-03 -0.6242289E-04
   03  0.1448000E+02 -0.1507359E-03 -0.6120087E-04
   03  0.1448125E+02 -0.1506058E-03 -0.6110259E-04
   03  0.1448250E+02 -0.1504776E-03 -0.6100559E-04
   03  0.1448375E+02 -0.1503515E-03 -0.6090983E-04
   03  0.1448500E+02 -0.1503154E-03 -0.6081983E-04
   03  0.1448625E+02 -0.1502296E-03 -0.6072086E-04
   03  0.1448750E+02 -0.1501430E-03 -0.6062173E-04
   03  0.1448875E+02 -0.1500556E-03 -0.6052244E-04
   03  0.1449000E+02 -0.1504948E-03 -0.6042693E-04
   03  0.1449125E+02 -0.1504056E-03 -0.6033252E-04
   03  0.1449250E+02 -0.1503159E-03 -0.6023817E-04
   03  0.1449375E+02 -0.1502278E-03 -0.6014492E-04
   03  0.1449500E+02 -0.1505890E-03 -0.6004551E-04
   03  0.1449625E+02 -0.1505116E-03 -0.5995682E-04
   03  0.1449750E+02 -0.1504347E-03 -0.5986867E-04
   03  0.1449875E+02 -0.1503584E-03 -0.5978104E-04
   03  0.1450000E+02 -0.1506341E-03 -0.5983079E-04
   03  0.1451500E+02 -0.1496990E-03 -0.5922488E-04
   03  0.1453000E+02 -0.1488977E-03 -0.5867425E-04
   03  0.1454500E+02 -0.1481858E-03 -0.5816289E-04
   03  0.1456000E+02 -0.1479798E-03 -0.5784924E-04
   03  0.1457500E+02 -0.1456615E-03 -0.5656977E-04
   03  0.1459000E+02 -0.1426027E-03 -0.5494440E-04
   03  0.1460500E+02 -0.1389377E-03 -0.5303613E-04
   02  0.1462000E+02 -0.1315484E-03 -0.4961703E-04
   02  0.1468000E+02 -0.1160902E-03 -0.4182713E-04
   02  0.1474000E+02 -0.9849740E-04 -0.3322715E-04
   02  0.1480000E+02 -0.8392987E-04 -0.2655267E-04
   02  0.1486000E+02 -0.7490891E-04 -0.2304730E-04
   02  0.1492000E+02 -0.7319922E-04 -0.2365005E-04
   02  0.1498000E+02 -0.8328285E-04 -0.3060262E-04
   02  0.1498500E+02 -0.8380680E-04 -0.3104004E-04
   02  0.1499000E+02 -0.8436256E-04 -0.3149537E-04
   02  0.1499500E+02 -0.8495188E-04 -0.3196942E-04
