# gauge_id=     0 location=(   0.0000000E+00 ) num_eqn=  2
# Columns: level time q(1 ... num_eqn)
   01  0.0000000E+00  0.1353135E-06  0.0000000E+00
   01  0.1000000E-01  0.1434788E-05 -0.6969667E-06
   02  0.3250000E-01  0.5471444E-04 -0.2735833E-04
   02  0.4375000E-01  0.1297675E-03 -0.6488383E-04
   02  0.5500000E-01  0.6071858E-03 -0.3035929E-03
   02  0.6625000E-01  0.2852993E-02 -0.1426496E-02
   03  0.7750000E-01  0.9326571E-02 -0.4663285E-02
   03  0.8312500E-01  0.1586208E-01 -0.7931038E-02
   03  0.8875000E-01  0.2523674E-01 -0.1261837E-01
   03  0.9437500E-01  0.4222114E-01 -0.2111057E-01
   03  0.1000000E+00  0.6869125E-01 -0.3434563E-01
   03  0.1056250E+00  0.1053123E+00 -0.5265617E-01
   03  0.1112500E+00  0.1523070E+00 -0.7615352E-01
   03  0.1168750E+00  0.2090171E+00 -0.1045086E+00
   03  0.1225000E+00  0.2731483E+00 -0.1365741E+00
   03  0.1281250E+00  0.3406301E+00 -0.1703150E+00
   03  0.1337500E+00  0.4058206E+00 -0.2029103E+00
   03  0.1393750E+00  0.4568604E+00 -0.2284302E+00
   03  0.1450000E+00  0.4812817E+00 -0.2406409E+00
   03  0.1506250E+00  0.4840110E+00 -0.2420055E+00
   03  0.1562500E+00  0.4735635E+00 -0.2367817E+00
   03  0.1618750E+00  0.4451271E+00 -0.2225636E+00
   03  0.1675000E+00  0.3953744E+00 -0.1976872E+00
   03  0.1731250E+00  0.3306577E+00 -0.1653288E+00
   03  0.1787500E+00  0.2617121E+00 -0.1308561E+00
   03  0.1843750E+00  0.1971044E+00 -0.9855220E-01
   03  0.1900000E+00  0.1414635E+00 -0.7073177E-01
   03  0.1925000E+00  0.1201761E+00 -0.6008803E-01
   03  0.1950000E+00  0.1011029E+00 -0.5055147E-01
   03  0.1975000E+00  0.8422928E-01 -0.4211464E-01
