# gauge_id= 2 location=(  0.3500000000E+01  0.5000000000E+00 ) num_var=  3
# level, time, q[  1  2  3], aux[]
   01  0.0000000E+00  0.0000000E+00  0.0000000E+00  0.0000000E+00
   01  0.1000000E-01  0.0000000E+00  0.0000000E+00  0.0000000E+00
   01  0.1180000E+00  0.0000000E+00  0.0000000E+00  0.0000000E+00
   01  0.2260000E+00  0.0000000E+00  0.0000000E+00  0.0000000E+00
   01  0.3340000E+00  0.0000000E+00  0.0000000E+00  0.0000000E+00
   01  0.4420000E+00  0.0000000E+00  0.0000000E+00  0.0000000E+00
   01  0.5500000E+00  0.0000000E+00  0.0000000E+00  0.0000000E+00
   01  0.6580000E+00  0.0000000E+00  0.0000000E+00  0.0000000E+00
   01  0.7660000E+00  0.0000000E+00  0.0000000E+00  0.0000000E+00
   01  0.8740000E+00  0.0000000E+00  0.0000000E+00  0.0000000E+00
   02  0.9820000E+00  0.0000000E+00  0.0000000E+00  0.0000000E+00
   02  0.1036000E+01  0.1040632E-04  0.5171786E-05 -0.4077963E-06
   02  0.1090000E+01  0.1753089E-04  0.8849596E-05 -0.1583238E-05
   02  0.1144000E+01  0.8504793E-03  0.4258480E-03 -0.4468251E-04
   02  0.1198000E+01  0.1465133E-01  0.7336429E-02 -0.8012435E-03
   02  0.1252000E+01  0.9778972E-01  0.4893257E-01 -0.6226858E-02
   02  0.1306000E+01  0.2954416E+00  0.1485101E+00 -0.2226728E-01
   02  0.1360000E+01  0.4041166E+00  0.2046475E+00 -0.3431232E-01
   02  0.1414000E+01  0.3558460E+00  0.1836229E+00 -0.3407516E-01
   02  0.1468000E+01  0.2546525E+00  0.1372257E+00 -0.2322152E-01
   02  0.1522000E+01  0.2021581E+00  0.1132854E+00 -0.1482016E-01
   02  0.1576000E+01  0.1741486E+00  0.1019050E+00 -0.1252053E-01
   02  0.1630000E+01  0.1080803E+00  0.6890486E-01 -0.1008828E-01
   02  0.1684000E+01 -0.5670166E-01 -0.1183910E-01  0.6047304E-03
   02  0.1738000E+01 -0.2185449E+00 -0.9486775E-01  0.1470021E-01
   02  0.1792000E+01 -0.2416271E+00 -0.1057522E+00  0.1870742E-01
   02  0.1846000E+01 -0.1971347E+00 -0.8887214E-01  0.1607451E-01
   02  0.1900000E+01 -0.1195858E+00 -0.5162314E-01  0.1318665E-01
   02  0.1954000E+01 -0.4537768E-01 -0.2125624E-01  0.1648379E-01
   02  0.2008000E+01  0.1095854E-01  0.1016586E-02  0.3019211E-01
   02  0.2062000E+01  0.7615431E-01  0.2269561E-01  0.5320242E-01
   02  0.2116000E+01  0.1525251E+00  0.4979060E-01  0.8075930E-01
   02  0.2170000E+01  0.2209134E+00  0.7366365E-01  0.1044166E+00
   02  0.2224000E+01  0.2499448E+00  0.8515999E-01  0.1137136E+00
   02  0.2278000E+01  0.2294272E+00  0.7934497E-01  0.1052935E+00
   02  0.2332000E+01  0.1660867E+00  0.5986246E-01  0.8119387E-01
   02  0.2386000E+01  0.7232065E-01  0.2916950E-01  0.4491062E-01
   02  0.2440000E+01 -0.2967652E-01 -0.3751733E-02  0.5768801E-02
   02  0.2494000E+01 -0.1198830E+00 -0.3360572E-01 -0.2968013E-01
   02  0.2548000E+01 -0.1814796E+00 -0.5412584E-01 -0.5437953E-01
   02  0.2602000E+01 -0.2027338E+00 -0.6156427E-01 -0.6370991E-01
   02  0.2656000E+01 -0.1858346E+00 -0.5674054E-01 -0.5846396E-01
   02  0.2710000E+01 -0.1425106E+00 -0.4277886E-01 -0.4337610E-01
   02  0.2764000E+01 -0.8782105E-01 -0.2493031E-01 -0.2369933E-01
   02  0.2818000E+01 -0.4571581E-01 -0.1106291E-01 -0.8732733E-02
   02  0.2872000E+01 -0.2965364E-01 -0.6286307E-02 -0.3116210E-02
   02  0.2926000E+01 -0.3328619E-01 -0.7633242E-02 -0.4721506E-02
   02  0.2963000E+01 -0.3840900E-01 -0.9822807E-02 -0.7013418E-02
