# gauge_id=     1 location=(  0.1000000000E+01  0.1000000000E+01 ) num_var=  3
# level, time, q[  1  2  3], aux[]
   02  0.0000000E+00  0.0000000E+00  0.0000000E+00  0.0000000E+00
   02  0.5000000E-02  0.4383141E-01  0.2140644E-01  0.2833423E-04
   02  0.1000000E-01  0.9928077E-01  0.4854471E-01 -0.5748424E-04
   02  0.6400000E-01  0.9638090E+00  0.4714522E+00  0.7000945E-03
   02  0.1180000E+00  0.1398500E+01  0.6901523E+00  0.3004645E-01
   02  0.1720000E+00  0.9459659E+00  0.5799872E+00  0.3598982E-01
   02  0.2260000E+00  0.2448521E+00  0.3123832E+00  0.2178800E-01
   02  0.2800000E+00  0.2771576E+00  0.3289968E+00  0.1068370E-01
   02  0.3340000E+00  0.3764105E+00  0.3748607E+00  0.9772360E-02
   02  0.3880000E+00  0.1134489E+00  0.2448073E+00  0.1035026E-01
   02  0.4420000E+00 -0.5055499E+00 -0.8971484E-01  0.3017828E-02
   02  0.4960000E+00 -0.7634309E+00 -0.2419921E+00 -0.6768386E-02
   02  0.5500000E+00 -0.6085124E+00 -0.2051645E+00 -0.1293617E-01
   02  0.6040000E+00 -0.3647866E+00 -0.1069753E+00 -0.8379282E-02
   02  0.6580000E+00 -0.2129760E+00 -0.5313112E-01 -0.3649293E-02
   02  0.7120000E+00 -0.1693912E+00 -0.3692592E-01 -0.9177469E-03
   02  0.7660000E+00 -0.1501641E+00 -0.3508527E-01 -0.1632628E-02
   02  0.8200000E+00 -0.1290844E+00 -0.2892231E-01 -0.1774145E-02
   02  0.8740000E+00 -0.1070197E+00 -0.2404016E-01 -0.1638492E-02
   02  0.9280000E+00 -0.9078080E-01 -0.1951647E-01 -0.1029326E-02
   02  0.9820000E+00 -0.7968155E-01 -0.1727334E-01 -0.1017676E-02
   02  0.1036000E+01 -0.7076384E-01 -0.1542082E-01 -0.8539593E-03
   02  0.1090000E+01 -0.6318100E-01 -0.1374799E-01 -0.9062516E-03
   02  0.1144000E+01 -0.5607803E-01 -0.1254416E-01 -0.7439090E-03
   02  0.1198000E+01 -0.5066782E-01 -0.1120314E-01 -0.7126030E-03
   02  0.1252000E+01 -0.4586041E-01 -0.1060212E-01 -0.6189411E-03
   02  0.1306000E+01 -0.4173261E-01 -0.9468890E-02 -0.6162592E-03
   02  0.1360000E+01 -0.3880256E-01 -0.9388780E-02 -0.5756687E-03
   02  0.1414000E+01 -0.3717120E-01 -0.9268169E-02 -0.5611975E-03
   02  0.1468000E+01 -0.3431097E-01 -0.8989756E-02 -0.5534278E-03
   02  0.1522000E+01 -0.2957613E-01 -0.7198921E-02 -0.5600544E-03
   02  0.1576000E+01 -0.2615177E-01 -0.6352325E-02 -0.5075651E-03
   02  0.1630000E+01 -0.2286436E-01 -0.6431038E-02  0.9366111E-03
   02  0.1684000E+01  0.5588384E-03 -0.5654536E-02  0.1243460E-01
   02  0.1738000E+01  0.9103404E-01  0.4352978E-03  0.5649667E-01
   02  0.1792000E+01  0.2380888E+00  0.1142214E-01  0.1295413E+00
   02  0.1846000E+01  0.2963553E+00  0.1680156E-01  0.1593917E+00
   02  0.1900000E+01  0.2694707E+00  0.1430183E-01  0.1492190E+00
   02  0.1954000E+01  0.2092500E+00  0.9243114E-02  0.1202769E+00
   02  0.2008000E+01  0.1678151E+00  0.5956946E-02  0.1004594E+00
   02  0.2062000E+01  0.1341736E+00  0.4558208E-02  0.8358419E-01
   02  0.2116000E+01  0.6373561E-01  0.1728399E-02  0.4896916E-01
   02  0.2170000E+01 -0.7067626E-01 -0.6577655E-02 -0.1773099E-01
   02  0.2224000E+01 -0.1881933E+00 -0.1584788E-01 -0.7555672E-01
   01  0.2278000E+01 -0.1924439E+00 -0.1403912E-01 -0.7893993E-01
   01  0.2386000E+01 -0.1342826E+00 -0.5823318E-02 -0.5340567E-01
   01  0.2494000E+01 -0.6794292E-01 -0.3945072E-02 -0.2333666E-01
   01  0.2602000E+01 -0.5003654E-01 -0.2621845E-02 -0.1525832E-01
   01  0.2710000E+01 -0.4224422E-01 -0.2755046E-02 -0.1192034E-01
   01  0.2818000E+01 -0.3469789E-01 -0.2059077E-02 -0.8963595E-02
   01  0.2926000E+01 -0.2875634E-01 -0.1503129E-02 -0.6816284E-02
