# gauge_id= 1 location=(   0.1000000E+01 ) num_eqn=  2
# Columns: level time q(1 ... num_eqn)
   01  0.0000000E+00  0.5636658E-05  0.0000000E+00
   01  0.1000000E+00  0.2637586E-04  0.5105720E-04
   01  0.1360000E+00  0.5473350E-04  0.1087658E-03
   01  0.1720000E+00  0.1097945E-03  0.2193017E-03
   01  0.2000000E+00  0.1786169E-03  0.3570870E-03
   01  0.2360000E+00  0.3374053E-03  0.6747512E-03
   01  0.2720000E+00  0.6225909E-03  0.1245158E-02
   01  0.3000000E+00  0.9713678E-03  0.1942724E-02
   01  0.3360000E+00  0.1771402E-02  0.3542799E-02
   01  0.3720000E+00  0.3274395E-02  0.6548788E-02
   01  0.4000000E+00  0.5183244E-02  0.1036649E-01
   01  0.4360000E+00  0.9248768E-02  0.1849754E-01
   01  0.4720000E+00  0.1583396E-01  0.3166792E-01
   01  0.5000000E+00  0.2327888E-01  0.4655776E-01
   01  0.5360000E+00  0.3676947E-01  0.7353894E-01
   01  0.5720000E+00  0.5546332E-01  0.1109266E+00
   01  0.6000000E+00  0.7425485E-01  0.1485097E+00
   01  0.6360000E+00  0.1045274E+00  0.2090547E+00
   01  0.6720000E+00  0.1420275E+00  0.2840550E+00
   01  0.7000000E+00  0.1761298E+00  0.3522596E+00
   01  0.7360000E+00  0.2248616E+00  0.4497232E+00
   01  0.7720000E+00  0.2769502E+00  0.5539003E+00
   01  0.8000000E+00  0.3175163E+00  0.6350326E+00
   01  0.8360000E+00  0.3655683E+00  0.7311367E+00
   01  0.8720000E+00  0.4042306E+00  0.8084611E+00
   01  0.9000000E+00  0.4258892E+00  0.8517784E+00
   01  0.9360000E+00  0.4435179E+00  0.8870358E+00
   01  0.9720000E+00  0.4513496E+00  0.9026991E+00
