# gauge_id= 0 location=(  -0.1000000E+01 ) num_eqn=  2
# Columns: level time q(1 ... num_eqn)
   01  0.0000000E+00  0.0000000E+00  0.0000000E+00
   01  0.1000000E+00  0.0000000E+00  0.0000000E+00
   01  0.1360000E+00  0.0000000E+00  0.0000000E+00
   01  0.1720000E+00  0.0000000E+00  0.0000000E+00
   01  0.2000000E+00  0.0000000E+00  0.0000000E+00
   01  0.2360000E+00  0.0000000E+00  0.0000000E+00
   01  0.2720000E+00  0.0000000E+00  0.0000000E+00
   01  0.3000000E+00  0.0000000E+00  0.0000000E+00
   01  0.3360000E+00  0.0000000E+00  0.0000000E+00
   01  0.3720000E+00  0.0000000E+00  0.0000000E+00
   01  0.4000000E+00  0.0000000E+00  0.0000000E+00
   01  0.4360000E+00  0.0000000E+00  0.0000000E+00
   01  0.4720000E+00  0.4714027E-88  0.4714027E-88
   01  0.5000000E+00  0.6375190E-85  0.6375190E-85
   01  0.5360000E+00  0.1211694E-81  0.1211694E-81
   01  0.5720000E+00  0.1962752E-78  0.1962752E-78
   01  0.6000000E+00  0.1640293E-75  0.1640293E-75
   01  0.6360000E+00  0.1930329E-72  0.1930329E-72
   01  0.6720000E+00  0.1936285E-69  0.1936285E-69
   01  0.7000000E+00  0.1002607E-66  0.1002607E-66
   01  0.7360000E+00  0.7309332E-64  0.7309332E-64
   01  0.7720000E+00  0.4543068E-61  0.4543068E-61
   01  0.8000000E+00  0.1458959E-58  0.1458959E-58
   01  0.8360000E+00  0.6595154E-56  0.6595154E-56
   01  0.8720000E+00  0.2542746E-53  0.2542746E-53
   01  0.9000000E+00  0.3454448E-51  0.3454448E-51
   01  0.9360000E+00  0.2751446E-49  0.2751446E-49
   01  0.9720000E+00  0.1731064E-47  0.1731064E-47
